0 2.94412e-05
0.0078125 0.000294412
0.015625 0.000942119
0.0234375 0.001001
0.03125 0.00244362
0.0390625 0.00253194
0.046875 0.00317965
0.0546875 0.00344462
0.0625 0.00471059
0.0703125 0.00476948
0.078125 0.00571159
0.0859375 0.00577048
0.09375 0.00703645
0.101562 0.00730142
0.109375 0.00794913
0.117188 0.00803745
0.125 0.00959783
0.132812 0.00968616
0.140625 0.0103339
0.148438 0.0105694
0.15625 0.0118648
0.164062 0.0119531
0.171875 0.0128069
0.179688 0.0128952
0.1875 0.0141907
0.195312 0.0144851
0.203125 0.0150739
0.210938 0.0151622
0.21875 0.0167226
0.226562 0.0168109
0.234375 0.0173998
0.242188 0.0176647
0.25 0.0189896
0.257812 0.0190779
0.265625 0.0199317
0.273438 0.0200495
0.28125 0.0213743
0.289062 0.0216393
0.296875 0.022287
0.304688 0.0223753
0.3125 0.0239063
0.320312 0.024024
0.328125 0.0246423
0.335938 0.0249367
0.34375 0.0262027
0.351562 0.026291
0.359375 0.0271154
0.367188 0.0272037
0.375 0.0284991
0.382812 0.0287935
0.390625 0.0294412
0.398438 0.0295001
0.40625 0.0310016
0.414062 0.0311194
0.421875 0.0317671
0.429688 0.032032
0.4375 0.0333863
0.445312 0.0334747
0.453125 0.0343284
0.460938 0.0344168
0.46875 0.0356827
0.476562 0.0359183
0.484375 0.036566
0.492188 0.0366543
0.5 0.0381264
0.507812 0.0382147
0.515625 0.038833
0.523438 0.0390979
0.53125 0.0404228
0.539062 0.0405111
0.546875 0.0413355
0.554688 0.0414238
0.5625 0.0427486
0.570312 0.0430136
0.578125 0.0436907
0.585938 0.0437496
0.59375 0.04531
0.601562 0.0453983
0.609375 0.0460166
0.617188 0.046311
0.625 0.0476359
0.632812 0.0477242
0.640625 0.048578
0.648438 0.0486663
0.65625 0.0499912
0.664062 0.0502856
0.671875 0.0509627
0.679688 0.0510511
0.6875 0.052582
0.695312 0.0526703
0.703125 0.0532886
0.710938 0.053583
0.71875 0.0549373
0.726562 0.0550256
0.734375 0.0558794
0.742188 0.0559677
0.75 0.057322
0.757812 0.057587
0.765625 0.0582347
0.773438 0.058323
0.78125 0.059854
0.789062 0.0599129
0.796875 0.0605311
0.804688 0.060855
0.8125 0.0621504
0.820312 0.0622387
0.828125 0.0630925
0.835938 0.0632397
0.84375 0.064594
0.851562 0.0648884
0.859375 0.0655067
0.867188 0.0656244
0.875 0.0671259
0.882812 0.0672143
0.890625 0.0678325
0.898438 0.0680975
0.90625 0.0693929
0.914062 0.0694812
0.921875 0.0702467
0.929688 0.070335
0.9375 0.0716599
0.945312 0.0719837
0.953125 0.0726315
0.960938 0.0727198
0.96875 0.0741918
0.976562 0.0742802
0.984375 0.0748984
0.992188 0.0751634
1 0.0765177
1.00781 0.076606
1.01562 0.0774304
1.02344 0.0775187
1.03125 0.0788435
1.03906 0.0791085
1.04688 0.0797562
1.05469 0.0798446
1.0625 0.0814049
1.07031 0.0814933
1.07812 0.0820821
1.08594 0.0823471
1.09375 0.0837013
1.10156 0.0837897
1.10938 0.0847023
1.11719 0.0847907
1.125 0.0860861
1.13281 0.0863216
1.14062 0.0869988
1.14844 0.0870871
1.15625 0.088618
1.16406 0.0887064
1.17188 0.0893541
1.17969 0.0896485
1.1875 0.0910028
1.19531 0.0910911
1.20312 0.0919449
1.21094 0.0920332
1.21875 0.0932697
1.22656 0.0935642
1.23438 0.0942119
1.24219 0.0943002
1.25 0.0958311
1.25781 0.0959194
1.26562 0.0965377
1.27344 0.0968321
1.28125 0.0981275
1.28906 0.0982159
1.29688 0.099158
1.30469 0.0992463
1.3125 0.100601
1.32031 0.100836
1.32812 0.101484
1.33594 0.101572
1.34375 0.103133
1.35156 0.103221
1.35938 0.103839
1.36719 0.104134
1.375 0.105458
1.38281 0.105547
1.39062 0.106401
1.39844 0.106489
1.40625 0.107725
1.41406 0.108049
1.42188 0.108726
1.42969 0.108815
1.4375 0.110287
1.44531 0.110375
1.45312 0.111023
1.46094 0.111288
1.46875 0.112613
1.47656 0.112701
1.48438 0.113584
1.49219 0.113702
1.5 0.115027
1.50781 0.115292
1.51562 0.115969
1.52344 0.116057
1.53125 0.117588
1.53906 0.117677
1.54688 0.118295
1.55469 0.118589
1.5625 0.119885
1.57031 0.120002
1.57812 0.120856
1.58594 0.120944
1.59375 0.12221
1.60156 0.122505
1.60938 0.123153
1.61719 0.123241
1.625 0.124684
1.63281 0.124742
1.64062 0.125361
1.64844 0.125626
1.65625 0.12695
1.66406 0.127039
1.67188 0.127863
1.67969 0.127951
1.6875 0.129276
1.69531 0.129571
1.70312 0.130218
1.71094 0.130307
1.71875 0.131838
1.72656 0.131955
1.73438 0.132603
1.74219 0.132839
1.75 0.134164
1.75781 0.134252
1.76562 0.135135
1.77344 0.135223
1.78125 0.136548
1.78906 0.136843
1.79688 0.137549
1.80469 0.137667
1.8125 0.139139
1.82031 0.139227
1.82812 0.139875
1.83594 0.14017
1.84375 0.141524
1.85156 0.141642
1.85938 0.142525
1.86719 0.142613
1.875 0.143909
1.88281 0.144174
1.89062 0.144851
1.89844 0.144968
1.90625 0.146499
1.91406 0.146588
1.92188 0.147265
1.92969 0.147559
1.9375 0.148914
1.94531 0.149031
1.95312 0.149944
1.96094 0.150032
1.96875 0.151298
1.97656 0.151593
1.98438 0.152299
1.99219 0.152388
2 0.153948
2.00781 0.154036
2.01562 0.154684
2.02344 0.155008
2.03125 0.156303
2.03906 0.156392
2.04688 0.157216
2.05469 0.157363
2.0625 0.158688
2.07031 0.159012
2.07812 0.159748
2.08594 0.159836
2.09375 0.162427
2.10156 0.162515
2.10938 0.163163
2.11719 0.163516
2.125 0.1649
2.13281 0.164989
2.14062 0.165842
2.14844 0.16596
2.15625 0.167255
2.16406 0.167933
2.17188 0.16861
2.17969 0.168698
2.1875 0.170229
2.19531 0.170317
2.20312 0.170936
2.21094 0.171554
2.21875 0.172938
2.22656 0.173026
2.23438 0.173909
2.24219 0.173998
2.25 0.175322
2.25781 0.175705
2.26562 0.176382
2.27344 0.1765
2.28125 0.177972
2.28906 0.17806
2.29688 0.178679
2.30469 0.179297
2.3125 0.180681
2.32031 0.180769
2.32812 0.181623
2.33594 0.181711
2.34375 0.182948
2.35156 0.183625
2.35938 0.184331
2.36719 0.184479
2.375 0.186098
2.38281 0.186186
2.39062 0.186863
2.39844 0.187246
2.40625 0.18863
2.41406 0.188718
2.42188 0.18966
2.42969 0.189778
2.4375 0.191073
2.44531 0.191368
2.45312 0.191986
2.46094 0.192074
2.46875 0.193576
2.47656 0.193664
2.48438 0.194312
2.49219 0.194665
2.5 0.195931
2.50781 0.19602
2.51562 0.199199
2.52344 0.199317
2.53125 0.200701
2.53906 0.201025
2.54688 0.201761
2.55469 0.201849
2.5625 0.203556
2.57031 0.203645
2.57812 0.204263
2.58594 0.204587
2.59375 0.205912
2.60156 0.206059
2.60938 0.206913
2.61719 0.207001
2.625 0.208297
2.63281 0.208562
2.64062 0.209239
2.64844 0.209327
2.65625 0.210946
2.66406 0.211064
2.67188 0.211712
2.67969 0.211977
2.6875 0.213419
2.69531 0.213508
2.70312 0.214361
2.71094 0.214479
2.71875 0.215775
2.72656 0.216098
2.73438 0.216805
2.74219 0.216952
2.75 0.218513
2.75781 0.218601
2.76562 0.219249
2.77344 0.219573
2.78125 0.220897
2.78906 0.220986
2.79688 0.222252
2.80469 0.22234
2.8125 0.224018
2.82031 0.224342
2.82812 0.225166
2.83594 0.225255
2.84375 0.226786
2.85156 0.226874
2.85938 0.227522
2.86719 0.227816
2.875 0.229111
2.88281 0.2292
2.89062 0.230054
2.89844 0.23023
2.90625 0.231496
2.91406 0.231849
2.92188 0.232556
2.92969 0.232703
2.9375 0.234264
2.94531 0.234352
2.95312 0.235
2.96094 0.235294
2.96875 0.236648
2.97656 0.236737
2.98438 0.237679
2.99219 0.237767
3 0.239121
3.00781 0.239386
3.01562 0.240064
3.02344 0.240152
3.03125 0.241742
3.03906 0.24183
3.04688 0.242478
3.05469 0.242802
3.0625 0.244097
3.07031 0.244185
3.07812 0.245127
3.08594 0.245245
3.09375 0.246658
3.10156 0.246982
3.10938 0.24763
3.11719 0.247718
3.125 0.249308
3.13281 0.249426
3.14062 0.250103
3.14844 0.250397
3.15625 0.251663
3.16406 0.251752
3.17188 0.252664
3.17969 0.252782
3.1875 0.25449
3.19531 0.254784
3.20312 0.255432
3.21094 0.257905
3.21875 0.259524
3.22656 0.259613
3.23438 0.26029
3.24219 0.260584
3.25 0.261968
3.25781 0.262439
3.26562 0.263381
3.27344 0.263469
3.28125 0.264794
3.28906 0.265089
3.29688 0.265736
3.30469 0.265825
3.3125 0.267356
3.32031 0.267444
3.32812 0.268121
3.33594 0.268415
3.34375 0.26974
3.35156 0.269829
3.35938 0.270771
3.36719 0.270977
3.375 0.27239
3.38281 0.272626
3.39062 0.273332
3.39844 0.273744
3.40625 0.275687
3.41406 0.275805
3.42188 0.2766
3.42969 0.276983
3.4375 0.278337
3.44531 0.278425
3.45312 0.279397
3.46094 0.279485
3.46875 0.28081
3.47656 0.281193
3.48438 0.281929
3.49219 0.282017
3.5 0.283695
3.50781 0.283784
3.51562 0.284431
3.52344 0.285168
3.53125 0.286787
3.53906 0.286875
3.54688 0.287758
3.55469 0.287847
3.5625 0.289201
3.57031 0.289495
3.57812 0.290173
3.58594 0.290261
3.59375 0.291792
3.60156 0.29188
3.60938 0.292498
3.61719 0.292822
3.625 0.294177
3.63281 0.294265
3.64062 0.295236
3.64844 0.295325
3.65625 0.296708
3.66406 0.297062
3.67188 0.297709
3.67969 0.297827
3.6875 0.299329
3.69531 0.299417
3.70312 0.300065
3.71094 0.300359
3.71875 0.301743
3.72656 0.301831
3.73438 0.302685
3.74219 0.302773
3.75 0.304098
3.75781 0.304746
3.76562 0.305423
3.77344 0.305541
3.78125 0.30716
3.78906 0.307248
3.79688 0.307955
3.80469 0.308426
3.8125 0.30981
3.82031 0.309898
3.82812 0.310811
3.83594 0.310929
3.84375 0.312283
3.85156 0.312607
3.85938 0.313343
3.86719 0.313431
3.875 0.317435
3.88281 0.317553
3.89062 0.31823
3.89844 0.327651
3.90625 0.328976
3.91406 0.329094
3.92188 0.330095
3.92969 0.330183
3.9375 0.331567
3.94531 0.331861
3.95312 0.332568
3.96094 0.332686
3.96875 0.334305
3.97656 0.334423
3.98438 0.3351
3.99219 0.335424
4 0.339899
4.00781 0.339958
4.01562 0.340841
4.02344 0.3409
4.03125 0.342225
4.03906 0.34246
4.04688 0.346464
4.05469 0.346523
4.0625 0.348024
4.07031 0.348083
4.07812 0.348672
4.08594 0.348908
4.09375 0.350203
4.10156 0.350262
4.10938 0.351204
4.11719 0.351292
4.125 0.353854
4.13281 0.354119
4.14062 0.355915
4.14844 0.356033
4.15625 0.3588
4.16406 0.358859
4.17188 0.359536
4.17969 0.35983
4.1875 0.361244
4.19531 0.361302
4.20312 0.362127
4.21094 0.362186
4.21875 0.363511
4.22656 0.363746
4.23438 0.364394
4.24219 0.364453
4.25 0.365984
4.25781 0.366043
4.26562 0.369575
4.27344 0.369782
4.28125 0.371195
4.28906 0.371254
4.29688 0.372166
4.30469 0.372225
4.3125 0.37355
4.32031 0.373874
4.32812 0.377554
4.33594 0.377642
4.34375 0.379232
4.35156 0.379291
4.35938 0.379968
4.36719 0.380292
4.375 0.381676
4.38281 0.381764
4.39062 0.38253
4.39844 0.382588
4.40625 0.383884
4.41406 0.384149
4.42188 0.387564
4.42969 0.387623
4.4375 0.392598
4.44531 0.392657
4.45312 0.393276
4.46094 0.393658
4.46875 0.395101
4.47656 0.39516
4.48438 0.396043
4.49219 0.396102
4.5 0.397486
4.50781 0.39778
4.51562 0.401166
4.52344 0.401254
4.53125 0.405582
4.53906 0.40567
4.54688 0.408614
4.55469 0.40885
4.5625 0.410381
4.57031 0.41044
4.57812 0.411382
4.58594 0.411441
4.59375 0.412795
4.60156 0.41306
4.60938 0.416505
4.61719 0.416564
4.625 0.418242
4.63281 0.418301
4.64062 0.421951
4.64844 0.422246
4.65625 0.42363
4.66406 0.423688
4.67188 0.427516
4.67969 0.427575
4.6875 0.42887
4.69531 0.429194
4.70312 0.430224
4.71094 0.430313
4.71875 0.43202
4.72656 0.432109
4.73438 0.432727
4.74219 0.43308
4.75 0.435465
4.75781 0.435524
4.76562 0.436378
4.77344 0.436495
4.78125 0.440705
4.78906 0.441
4.79688 0.441677
4.80469 0.441736
4.8125 0.446123
4.82031 0.446211
4.82812 0.446859
4.83594 0.447094
4.84375 0.448478
4.85156 0.448566
4.85938 0.449391
4.86719 0.449479
4.875 0.451923
4.88281 0.452246
4.89062 0.452953
4.89844 0.453041
4.90625 0.454543
4.91406 0.454631
4.92188 0.455367
4.92969 0.455691
4.9375 0.457693
4.94531 0.460519
4.95312 0.464641
4.96094 0.4647
4.96875 0.468822
4.97656 0.469087
4.98438 0.469823
4.99219 0.469882
5 0.473827
5.00781 0.473974
5.01562 0.476918
5.02344 0.477154
5.03125 0.480745
5.03906 0.480804
5.04688 0.481688
5.05469 0.481776
5.0625 0.48313
5.07031 0.485014
5.07812 0.485662
5.08594 0.48575
5.09375 0.48734
5.10156 0.487399
5.10938 0.488047
5.11719 0.488371
5.125 0.489784
5.13281 0.489843
5.14062 0.493493
5.14844 0.493582
5.15625 0.494848
5.16406 0.495231
5.17188 0.495908
5.17969 0.495996
5.1875 0.500383
5.19531 0.500442
5.20312 0.501119
5.21094 0.501413
5.21875 0.502856
5.22656 0.502974
5.23438 0.503916
5.24219 0.504004
5.25 0.505299
5.25781 0.505564
5.26562 0.506242
5.27344 0.5063
5.28125 0.5121
5.28906 0.512189
5.29688 0.515133
5.30469 0.515427
5.3125 0.516899
5.32031 0.516988
5.32812 0.5179
5.33594 0.517989
5.34375 0.519343
5.35156 0.519637
5.35938 0.520314
5.36719 0.520403
5.375 0.523111
5.38281 0.5232
5.39062 0.523906
5.39844 0.52423
5.40625 0.525555
5.41406 0.525643
5.42188 0.526527
5.42969 0.526615
5.4375 0.528028
5.44531 0.528352
5.45312 0.529058
5.46094 0.529147
5.46875 0.530707
5.47656 0.530825
5.48438 0.534211
5.49219 0.534505
5.5 0.538215
5.50781 0.538274
5.51562 0.539186
5.52344 0.539275
5.53125 0.540599
5.53906 0.540894
5.54688 0.5416
5.55469 0.541718
5.5625 0.543485
5.57031 0.543544
5.57812 0.544191
5.58594 0.544486
5.59375 0.545987
5.60156 0.546075
5.60938 0.546959
5.61719 0.547018
5.625 0.548313
5.63281 0.548637
5.64062 0.549255
5.64844 0.549314
5.65625 0.551375
5.66406 0.551493
5.67188 0.55214
5.67969 0.552405
5.6875 0.553819
5.69531 0.553877
5.70312 0.554761
5.71094 0.554908
5.71875 0.556527
5.72656 0.556822
5.73438 0.557528
5.74219 0.557587
5.75 0.559147
5.75781 0.559236
5.76562 0.559883
5.77344 0.560237
5.78125 0.561562
5.78906 0.561679
5.79688 0.562533
5.80469 0.562592
5.8125 0.563976
5.82031 0.56427
5.82812 0.567774
5.83594 0.567862
5.84375 0.569422
5.85156 0.56954
5.85938 0.570188
5.86719 0.57272
5.875 0.574221
5.88281 0.57428
5.89062 0.575193
5.89844 0.575281
5.90625 0.57955
5.91406 0.579786
5.92188 0.58164
5.92969 0.581729
5.9375 0.583407
5.94531 0.583495
5.95312 0.585291
5.96094 0.585615
5.96875 0.589236
5.97656 0.589325
5.98438 0.590267
5.99219 0.590326
6 0.591739
6.00781 0.592004
6.01562 0.592651
6.02344 0.59274
6.03125 0.594418
6.03906 0.594536
6.04688 0.595301
6.05469 0.595596
6.0625 0.597392
6.07031 0.59748
6.07812 0.601337
6.08594 0.601425
6.09375 0.603839
6.10156 0.604163
6.10938 0.604958
6.11719 0.605046
6.125 0.60958
6.13281 0.609668
6.14062 0.610316
6.14844 0.610611
6.15625 0.611994
6.16406 0.612053
6.17188 0.612966
6.17969 0.613084
6.1875 0.614409
6.19531 0.614673
6.20312 0.616469
6.21094 0.61697
6.21875 0.618678
6.22656 0.618766
6.23438 0.619414
6.24219 0.619767
6.25 0.621151
6.25781 0.621239
6.26562 0.625537
6.27344 0.625596
6.28125 0.62698
6.28906 0.627245
6.29688 0.627981
6.30469 0.628069
6.3125 0.629689
6.32031 0.629806
6.32812 0.632692
6.33594 0.633015
6.34375 0.637373
6.35156 0.637461
6.35938 0.638433
6.36719 0.638521
6.375 0.640022
6.38281 0.640376
6.39062 0.641082
6.39844 0.6412
6.40625 0.64279
6.41406 0.642849
6.42188 0.646411
6.42969 0.646823
6.4375 0.648207
6.44531 0.648295
6.45312 0.649179
6.46094 0.649267
6.46875 0.650621
6.47656 0.650916
6.48438 0.651622
6.49219 0.651681
6.5 0.65492
6.50781 0.654979
6.51562 0.658394
6.52344 0.658688
6.53125 0.659984
6.53906 0.660072
6.54688 0.663929
6.55469 0.664046
6.5625 0.665401
6.57031 0.666814
6.57812 0.667491
6.58594 0.667579
6.59375 0.669228
6.60156 0.669316
6.60938 0.670435
6.61719 0.67073
6.625 0.672025
6.63281 0.672084
6.64062 0.675293
6.64844 0.675381
6.65625 0.676706
6.66406 0.676971
6.67188 0.677648
6.67969 0.677737
6.6875 0.679356
6.69531 0.679444
6.70312 0.680092
6.71094 0.680445
6.71875 0.682918
6.72656 0.683007
6.73438 0.683949
6.74219 0.684037
6.75 0.685509
6.75781 0.685803
6.76562 0.686481
6.77344 0.686598
6.78125 0.688218
6.78906 0.688306
6.79688 0.689013
6.80469 0.690396
6.8125 0.691809
6.82031 0.691868
6.82812 0.69284
6.83594 0.692899
6.84375 0.700141
6.85156 0.700465
6.85938 0.70391
6.86719 0.704028
6.875 0.705647
6.88281 0.705735
6.89062 0.706442
6.89844 0.706766
6.90625 0.70809
6.91406 0.708149
6.92188 0.709091
6.92969 0.70918
6.9375 0.710622
6.94531 0.710917
6.95312 0.711623
6.96094 0.711741
6.96875 0.713302
6.97656 0.71339
6.98438 0.714038
6.99219 0.714332
7 0.715833
7.00781 0.715922
7.01562 0.719131
7.02344 0.719219
7.03125 0.720574
7.03906 0.720838
7.04688 0.721722
7.05469 0.72181
7.0625 0.723606
7.07031 0.723694
7.07812 0.724342
7.08594 0.724607
7.09375 0.72602
7.10156 0.726138
7.10938 0.730024
7.11719 0.730142
7.125 0.731702
7.13281 0.731967
7.14062 0.732703
7.14844 0.732792
7.15625 0.735382
7.16406 0.735471
7.17188 0.736148
7.17969 0.736501
7.1875 0.738327
7.19531 0.738474
7.20312 0.742213
7.21094 0.742272
7.21875 0.743597
7.22656 0.743832
7.23438 0.744509
7.24219 0.744598
7.25 0.746393
7.25781 0.746482
7.26562 0.748278
7.27344 0.748572
7.28125 0.749897
7.28906 0.749985
7.29688 0.753224
7.30469 0.753312
7.3125 0.754696
7.32031 0.75502
7.32812 0.755697
7.33594 0.755785
7.34375 0.757316
7.35156 0.757434
7.35938 0.75814
7.36719 0.758435
7.375 0.762763
7.38281 0.762851
7.39062 0.763911
7.39844 0.76397
7.40625 0.765295
7.41406 0.765619
7.42188 0.766355
7.42969 0.766443
7.4375 0.768268
7.44531 0.768357
7.45312 0.769034
7.46094 0.769328
7.46875 0.773479
7.47656 0.773568
7.48438 0.774451
7.49219 0.774569
7.5 0.775952
7.50781 0.776276
7.51562 0.776983
7.52344 0.777071
7.53125 0.778779
7.53906 0.778867
7.54688 0.779691
7.55469 0.780015
7.5625 0.781399
7.57031 0.781487
7.57812 0.782371
7.58594 0.782518
7.59375 0.783902
7.60156 0.784225
7.60938 0.784932
7.61719 0.78502
7.625 0.79188
7.63281 0.791998
7.64062 0.792646
7.64844 0.792969
7.65625 0.794383
7.66406 0.794471
7.67188 0.795354
7.67969 0.795443
7.6875 0.796826
7.69531 0.797121
7.70312 0.797798
7.71094 0.797886
7.71875 0.799623
7.72656 0.799711
7.73438 0.800359
7.74219 0.800712
7.75 0.802126
7.75781 0.802243
7.76562 0.803274
7.77344 0.803362
7.78125 0.805865
7.78906 0.806159
7.79688 0.806836
7.80469 0.806925
7.8125 0.808603
7.82031 0.808691
7.82812 0.809398
7.83594 0.809692
7.84375 0.811135
7.85156 0.811223
7.85938 0.812165
7.86719 0.812253
7.875 0.813696
7.88281 0.814049
7.89062 0.814844
7.89844 0.814933
7.90625 0.819496
7.91406 0.819614
7.92188 0.823029
7.92969 0.823323
7.9375 0.824884
7.94531 0.824972
7.95312 0.825855
7.96094 0.825973
7.96875 0.827298
7.97656 0.827592
7.98438 0.828328
7.99219 0.828387
8 0.828417
8.03125 0.828476
8.05469 0.828505
8.0625 0.828564
8.07812 0.828593
8.09375 0.829742
8.10938 0.829771
8.125 0.829859
8.13281 0.829889
8.15625 0.829918
8.17188 0.829948
8.1875 0.830006
8.21094 0.830065
8.21875 0.830154
8.25 0.830213
8.26562 0.830301
8.28125 0.83033
8.28906 0.83036
8.3125 0.830389
8.32812 0.830419
8.34375 0.830478
8.35938 0.830566
8.375 0.831861
8.39844 0.832391
8.40625 0.83248
8.4375 0.832538
8.44531 0.832568
8.45312 0.832627
8.46875 0.832656
8.48438 0.832686
8.5 0.832803
8.50781 0.833157
8.51562 0.833186
8.52344 0.833245
8.53125 0.833363
8.54688 0.833392
8.5625 0.833481
8.59375 0.833539
8.625 0.833598
8.64062 0.833657
8.65625 0.833687
8.67969 0.833716
8.6875 0.833804
8.71875 0.833834
8.72656 0.833952
8.73438 0.833981
8.75 0.834069
8.78125 0.834128
8.79688 0.834187
8.80469 0.83457
8.8125 0.834629
8.83594 0.834688
8.84375 0.834717
8.875 0.834864
8.90625 0.834894
8.91406 0.834953
8.92188 0.834982
8.9375 0.835041
8.95312 0.83507
8.96094 0.8351
8.96875 0.835188
8.99219 0.835218
9 0.835424
9.01562 0.835453
9.02344 0.835483
9.03125 0.835541
9.0625 0.83563
9.09375 0.835659
9.10938 0.835689
9.125 0.835748
9.15625 0.835836
9.1875 0.835895
9.20312 0.835924
9.21875 0.835983
9.22656 0.836012
9.25 0.836071
9.28125 0.836101
9.29688 0.83613
9.3125 0.836248
9.34375 0.836307
9.375 0.836336
9.38281 0.836366
9.39062 0.836425
9.40625 0.836454
9.4375 0.836572
9.46094 0.836601
9.46875 0.83666
9.48438 0.83669
9.5 0.836749
9.52344 0.836778
9.53125 0.836866
9.53906 0.836896
9.54688 0.836955
9.5625 0.837043
9.57031 0.837072
9.57812 0.837131
9.59375 0.837161
9.625 0.837278
9.65625 0.837308
9.67188 0.837337
9.6875 0.837396
9.69531 0.837426
9.70312 0.837455
9.71094 0.840281
9.71875 0.84037
9.73438 0.840488
9.75 0.840546
9.76562 0.840576
9.78125 0.840664
9.80469 0.840694
9.8125 0.842107
9.82031 0.842166
9.84375 0.842225
9.85156 0.842254
9.85938 0.842283
9.875 0.842637
9.89062 0.842666
9.90625 0.842784
9.92969 0.845581
9.9375 0.84564
9.95312 0.845669
9.96875 0.845728
9.99219 0.845758
10 0.845905
10.0078 0.845934
10.0156 0.846022
10.0312 0.846052
10.0391 0.846081
10.0469 0.846111
10.0625 0.84614
10.0781 0.84617
10.0859 0.846199
10.0938 0.846229
10.125 0.846287
10.1406 0.846317
10.1484 0.846346
10.1562 0.846376
10.1641 0.846405
10.1875 0.846464
10.2031 0.846552
10.2188 0.846582
10.2266 0.846906
10.2344 0.846935
10.2422 0.846965
10.25 0.847023
10.2812 0.847112
10.2969 0.847141
10.3125 0.8472
10.3281 0.84723
10.3438 0.847318
10.3672 0.847465
10.375 0.848083
10.4062 0.848113
10.4219 0.848142
10.4297 0.848496
10.4375 0.848554
10.4688 0.848937
10.4766 0.848996
10.4844 0.849025
10.5 0.849084
10.5078 0.849114
10.5156 0.849143
10.5312 0.849173
10.5547 0.849261
10.5625 0.849349
10.5859 0.849379
10.5938 0.849438
10.6094 0.849467
10.625 0.849497
10.6328 0.849526
10.6406 0.849555
10.6484 0.849614
10.6562 0.849673
10.6875 0.849732
10.7031 0.849762
10.7109 0.849791
10.7188 0.852647
10.75 0.852794
10.7656 0.852823
10.7812 0.852853
10.7969 0.852912
10.8125 0.852941
10.8281 0.852971
10.8438 0.85303
10.8672 0.853059
10.875 0.853088
10.8906 0.853147
10.9062 0.853206
10.9141 0.853236
10.9375 0.853324
10.9688 0.853383
10.9844 0.853471
11 0.853589
11.0234 0.853648
11.0312 0.853795
11.0391 0.853824
11.0625 0.854207
11.0781 0.854237
11.0938 0.854295
11.1094 0.854384
11.125 0.854502
11.1328 0.85456
11.1406 0.85459
11.1562 0.854619
11.1719 0.854649
11.1875 0.854825
11.2188 0.854973
11.2422 0.855002
11.25 0.85512
11.2578 0.855149
11.2656 0.855238
11.2812 0.855267
11.2891 0.855296
11.3125 0.855385
11.3359 0.855414
11.3438 0.855473
11.3516 0.855503
11.3594 0.855532
11.375 0.858476
11.4062 0.858535
11.4219 0.858594
11.4375 0.858682
11.4531 0.858741
11.4609 0.858771
11.4688 0.8588
11.5 0.858888
11.5156 0.858918
11.5312 0.858977
11.5391 0.859006
11.5469 0.859036
11.5625 0.859065
11.5703 0.859094
11.5938 0.859153
11.625 0.859212
11.6406 0.859242
11.6484 0.859271
11.6562 0.8593
11.6875 0.859654
11.7031 0.860007
11.7188 0.860037
11.7266 0.860066
11.7344 0.860184
11.75 0.860243
11.7656 0.860301
11.7812 0.86036
11.8125 0.860419
11.8281 0.860449
11.8438 0.863422
11.875 0.863452
11.8828 0.863481
11.8906 0.863511
11.8984 0.863569
11.9062 0.863628
11.9219 0.863687
11.9375 0.863746
11.9688 0.863805
12.0156 0.863834
12.0547 0.863864
12.0625 0.863952
12.125 0.86407
12.1562 0.864129
12.2031 0.864158
12.2266 0.864217
12.25 0.864335
12.2969 0.864423
12.4375 0.864482
12.4844 0.86457
12.5 0.864953
12.5312 0.864983
12.5391 0.865012
12.5469 0.865071
12.5547 0.8651
12.5781 0.86513
12.625 0.865189
12.6641 0.865277
12.6719 0.865336
12.7188 0.865365
12.75 0.865395
12.7578 0.865454
12.7656 0.865483
12.8125 0.865571
12.8594 0.865601
12.875 0.86566
12.9062 0.865719
12.9141 0.865748
12.9375 0.865807
12.9531 0.865836
12.9844 0.865866
13 0.865925
13.0156 0.865954
13.0312 0.865984
13.0469 0.866043
13.0625 0.866072
13.0703 0.866101
13.0938 0.866131
13.1016 0.86616
13.125 0.86619
13.1406 0.866307
13.1562 0.866337
13.1875 0.866366
13.2344 0.866396
13.25 0.866455
13.2812 0.866514
13.3125 0.866543
13.3281 0.866572
13.375 0.866661
13.4219 0.86669
13.4297 0.86672
13.4375 0.866749
13.4531 0.866779
13.4688 0.866808
13.4844 0.866896
13.5 0.867014
13.5156 0.86722
13.5625 0.86725
13.6094 0.867279
13.625 0.867338
13.6562 0.867367
13.6719 0.867397
13.6875 0.867426
13.7031 0.867456
13.7422 0.867515
13.75 0.867544
13.7578 0.867573
13.7812 0.867603
13.7969 0.867632
13.8438 0.868045
13.8672 0.868074
13.8906 0.868103
13.9375 0.868192
13.9453 0.868221
13.9844 0.868251
14 0.86828
14.0312 0.868339
14.0625 0.868368
14.0781 0.868427
14.0859 0.868486
14.0938 0.868516
14.1406 0.868545
14.1562 0.868574
14.1719 0.868604
14.2188 0.868633
14.25 0.868663
14.2656 0.868692
14.2891 0.871607
14.3047 0.871666
14.3125 0.871754
14.3594 0.871784
14.4062 0.871813
14.4375 0.871901
14.4531 0.871931
14.4609 0.87196
14.4688 0.87199
14.4922 0.872313
14.5 0.872402
14.5156 0.872431
14.5469 0.872461
14.5625 0.87252
14.5781 0.872549
14.5938 0.872578
14.625 0.872608
14.6406 0.872667
14.6875 0.872755
14.7266 0.873108
14.7344 0.873138
14.7812 0.873197
14.7969 0.87355
14.8125 0.873579
14.8281 0.873609
14.8594 0.873638
14.875 0.873697
14.9062 0.873756
14.9375 0.873786
14.9688 0.873844
15 0.874198
15.0156 0.874227
15.0625 0.87461
15.1094 0.874639
15.125 0.874993
15.1562 0.875022
15.1719 0.875052
15.1875 0.875081
15.2031 0.87511
15.2344 0.87514
15.25 0.877583
15.2812 0.877613
15.2969 0.877642
15.3125 0.877672
15.3203 0.877701
15.3438 0.877819
15.3906 0.877907
15.3984 0.877937
15.4375 0.877966
15.4531 0.87829
15.4766 0.878319
15.4844 0.878349
15.5 0.879468
15.5312 0.879497
15.5469 0.879527
15.5625 0.879644
15.5781 0.879674
15.625 0.879733
15.6406 0.879762
15.6641 0.879792
15.6719 0.879821
15.7188 0.87985
15.75 0.87988
15.7656 0.879909
15.7812 0.879939
15.8125 0.880057
15.8594 0.880115
15.9062 0.880145
15.9375 0.880174
15.9531 0.880204
15.9844 0.880233
16 0.880675
16.0156 0.880734
16.0625 0.880763
16.1172 0.880851
16.1328 0.880881
16.1406 0.88091
16.1797 0.88094
16.25 0.880969
16.2656 0.880999
16.2734 0.881322
16.3125 0.881352
16.3203 0.881411
16.375 0.88144
16.4375 0.88147
16.5234 0.881499
16.5625 0.881529
16.6094 0.881558
16.625 0.881587
16.6875 0.881617
16.6953 0.881646
16.75 0.881705
16.7656 0.881764
16.8359 0.881823
16.875 0.881852
16.9297 0.881911
16.9375 0.882029
16.9531 0.884973
16.9766 0.885032
17 0.88515
17.0469 0.886239
17.1172 0.886269
17.125 0.888594
17.1406 0.888624
17.1875 0.888653
17.2031 0.888742
17.2344 0.88989
17.3125 0.889919
17.3594 0.889949
17.3828 0.889978
17.4219 0.890037
17.4531 0.890096
17.4688 0.890125
17.5 0.890155
17.5391 0.890538
17.5547 0.890567
17.5938 0.890626
17.6094 0.890714
17.6797 0.890773
17.7344 0.890803
17.7422 0.891126
17.75 0.891185
17.7812 0.891215
17.8125 0.891244
17.8203 0.891274
17.8828 0.891303
17.9375 0.891333
17.9688 0.891362
17.9844 0.891391
18 0.891421
18.0469 0.89145
18.0625 0.893776
18.125 0.893806
18.1875 0.893835
18.2031 0.893864
18.25 0.893982
18.2969 0.894012
18.3125 0.894071
18.3281 0.8941
18.3516 0.894129
18.375 0.894159
18.4141 0.895219
18.4531 0.895278
18.5 0.895337
18.5234 0.895395
18.5312 0.895425
18.5938 0.895454
18.625 0.895513
18.6406 0.895543
18.6875 0.895572
18.7188 0.895601
18.75 0.895631
18.7578 0.89566
18.7656 0.89569
18.8125 0.895719
18.8438 0.895749
18.8594 0.895808
18.875 0.895837
18.9062 0.895866
19 0.895925
19.0625 0.895955
19.0781 0.895984
19.0859 0.896014
19.1562 0.896338
19.1875 0.899105
19.25 0.899223
19.3125 0.899252
19.3672 0.902049
19.375 0.902079
19.4375 0.902108
19.5 0.902137
19.5078 0.902167
19.5625 0.902196
19.5781 0.902226
19.625 0.902285
19.6875 0.902314
19.7031 0.902344
19.7188 0.90464
19.7812 0.904669
19.8125 0.904699
19.8594 0.904728
19.875 0.904758
19.9297 0.904787
19.9375 0.904817
19.9688 0.904846
20.0312 0.904875
20.0469 0.90779
20.0781 0.910087
20.1719 0.910116
20.1953 0.910145
20.2188 0.910175
20.25 0.910204
20.3125 0.910234
20.3516 0.910263
20.4062 0.910293
20.5 0.91044
20.5156 0.910469
20.5938 0.910499
20.625 0.910528
20.6875 0.910558
20.75 0.910587
20.7812 0.910646
20.875 0.910675
20.9531 0.910705
20.9688 0.910734
21.0625 0.910764
21.0781 0.913531
21.1328 0.913561
21.1562 0.91359
21.1953 0.91362
21.2969 0.913708
21.3438 0.913767
21.5 0.913914
21.5703 0.914002
21.5781 0.914032
21.6562 0.914061
21.6797 0.914091
21.8125 0.91412
21.8516 0.914149
21.9375 0.914208
21.9688 0.914238
22 0.914562
22.0078 0.914591
22.0234 0.914621
22.0391 0.91465
22.0469 0.914679
22.1875 0.914709
22.2031 0.914738
22.3125 0.914797
22.3594 0.914827
22.375 0.914856
22.3906 0.914885
22.4844 0.914915
22.5156 0.915003
22.5938 0.915033
22.6172 0.915062
22.6641 0.915092
22.7109 0.91518
22.7422 0.915268
22.75 0.915327
22.7969 0.915415
22.8125 0.915445
22.8203 0.91836
22.9844 0.918389
23.0312 0.918418
23.0703 0.918448
23.1406 0.918477
23.25 0.918507
23.2969 0.921451
23.3594 0.924807
23.375 0.924837
23.3828 0.924866
23.4062 0.924895
23.5703 0.924925
23.6094 0.924954
23.9141 0.925013
23.9219 0.925043
23.9375 0.925102
24.0391 0.925131
24.1562 0.92516
24.25 0.925219
24.3438 0.925249
24.4453 0.925278
24.5312 0.925308
24.5469 0.925367
24.5625 0.925425
24.625 0.925484
24.6406 0.925543
24.7812 0.925573
24.8125 0.925602
24.9375 0.925661
24.9531 0.92572
25 0.925779
25.0547 0.926161
25.1094 0.926191
25.2344 0.92622
25.3594 0.926279
25.5625 0.929223
25.6562 0.929253
25.75 0.929282
25.875 0.929312
25.9062 0.929371
25.9375 0.929429
26 0.929459
26.125 0.929488
26.2188 0.929518
26.2812 0.929547
26.3125 0.929577
26.375 0.929636
26.4766 0.930695
26.5 0.930725
26.5781 0.930754
26.5938 0.930784
26.8594 0.930813
26.9688 0.930843
26.9844 0.930872
27.0781 0.930901
27.0859 0.930931
27.125 0.93096
27.1484 0.93099
27.1875 0.931049
27.1953 0.931078
27.3438 0.931108
27.4375 0.931166
27.5625 0.931196
27.625 0.931225
27.6953 0.931255
27.7188 0.931284
27.8438 0.931314
28 0.931343
28.2344 0.931373
28.25 0.931402
28.375 0.931431
28.4375 0.93149
28.6094 0.93152
28.7031 0.931549
28.7422 0.931579
28.75 0.931608
28.9375 0.931667
28.9844 0.931696
29 0.931755
29.125 0.931785
29.1484 0.932109
29.1719 0.932138
29.1875 0.934464
29.2344 0.934552
29.25 0.934582
29.3125 0.934611
29.375 0.934641
29.3906 0.93467
29.5 0.934729
29.5938 0.934758
29.6328 0.934788
29.7266 0.934817
29.9219 0.934847
30.0156 0.934876
30.125 0.934905
30.25 0.934964
30.2656 0.934994
30.2969 0.935023
30.3828 0.93732
30.4062 0.937379
30.4375 0.937408
30.5625 0.937437
30.5938 0.937467
30.6094 0.937496
30.75 0.937526
30.7734 0.937555
30.8125 0.937585
30.8281 0.937614
30.9062 0.937644
30.9453 0.937673
31.2891 0.937702
31.3672 0.940617
31.375 0.940647
31.4219 0.944503
31.5625 0.944533
31.625 0.944562
31.8438 0.944592
31.8828 0.947506
31.9062 0.947536
32 0.947595
32.125 0.947654
32.1328 0.947683
32.1641 0.947712
32.2656 0.947742
32.3516 0.947771
32.3594 0.947801
32.4062 0.94783
32.4375 0.94786
32.6875 0.947889
32.75 0.947919
32.8125 0.947948
32.875 0.947977
32.9688 0.948007
33 0.948036
33.0078 0.94836
33.0469 0.94839
33.375 0.948419
33.4922 0.948448
33.5312 0.948507
33.625 0.948537
34 0.948566
34.0938 0.948596
34.3984 0.948625
34.875 0.948655
35.125 0.949714
35.2188 0.949744
35.3359 0.949773
35.3984 0.949803
35.4688 0.949832
35.5 0.949862
35.7188 0.949891
35.75 0.949921
36.1797 0.94995
36.3438 0.949979
36.5 0.950097
37.5625 0.950127
38 0.950156
38.0625 0.950185
38.125 0.950215
38.25 0.950244
38.2578 0.950568
38.3125 0.950598
38.4375 0.950627
38.5156 0.950657
38.5625 0.950686
38.7031 0.950745
38.875 0.950774
39.0781 0.950804
39.5 0.950863
39.625 0.950922
39.75 0.950951
39.7656 0.95098
39.7969 0.95101
39.8438 0.951039
40 0.951069
40.125 0.951098
40.3906 0.953866
40.75 0.953954
40.8125 0.953983
41.1094 0.954013
41.125 0.954042
41.375 0.954072
41.4219 0.954101
41.5 0.95416
41.625 0.954189
41.6875 0.954219
41.8672 0.954248
42.125 0.954278
42.2031 0.954307
42.25 0.954454
42.2891 0.954543
42.3906 0.954602
42.4453 0.954631
42.5 0.954661
42.6094 0.95469
42.75 0.954719
42.8438 0.954749
43.0625 0.954778
43.1875 0.954808
43.2188 0.954837
43.375 0.957634
43.5078 0.957664
43.6875 0.957693
43.75 0.957722
43.9141 0.957752
44.25 0.957781
44.5 0.95784
44.5625 0.95787
44.5938 0.957899
44.625 0.957929
45.2422 0.957987
45.25 0.958046
45.3438 0.958076
45.5625 0.958135
45.625 0.958164
46 0.958193
46.1875 0.958223
46.4062 0.958252
46.5 0.958311
46.625 0.958341
46.6328 0.95837
46.6562 0.958429
46.7656 0.958458
46.8125 0.958488
46.8594 0.958517
46.875 0.958547
47.0312 0.958576
47.1016 0.958606
47.3594 0.958635
47.4688 0.958665
47.5 0.958694
47.75 0.958782
47.875 0.958812
48.0625 0.958841
48.2891 0.958871
48.5 0.9589
48.6172 0.95893
48.6719 0.958959
49 0.958988
49.5 0.959077
49.5625 0.959106
50 0.959136
50.125 0.959194
50.6328 0.959224
50.875 0.959253
51 0.959283
51.25 0.959371
51.5 0.959401
51.6094 0.959459
52 0.959548
52.0781 0.959577
52.1406 0.959607
52.3438 0.959636
52.5469 0.959666
52.5625 0.959695
52.8281 0.959724
52.9219 0.959754
53.2031 0.959783
53.7812 0.959813
53.9531 0.959842
53.9688 0.959872
54 0.960019
54.5625 0.960048
54.625 0.960107
54.7812 0.960137
55.5 0.960166
55.6562 0.960225
55.875 0.960254
56.0625 0.960284
56.5938 0.960313
56.7344 0.960343
56.75 0.960372
56.9375 0.960402
57.1562 0.960431
57.2812 0.96046
57.5781 0.963375
57.6562 0.963405
57.9062 0.963434
58 0.963581
58.1875 0.963611
58.5 0.96364
59 0.963728
59.5 0.963758
59.6875 0.963787
59.75 0.963817
60 0.963846
60.5 0.963876
60.5625 0.963905
60.5781 0.963935
60.7188 0.963964
60.7812 0.963993
60.875 0.964052
61.0938 0.964082
61.1406 0.964111
61.375 0.964141
61.4219 0.96417
61.75 0.964199
62 0.964229
62.5 0.964258
62.6406 0.964288
62.7344 0.964347
63.0625 0.964494
63.25 0.964523
63.2734 0.964553
63.6875 0.964612
63.7656 0.964641
64 0.964671
64.1562 0.9647
64.3281 0.964729
64.375 0.964788
64.5 0.964818
64.9375 0.964847
65.7188 0.964877
65.8125 0.964906
66.0781 0.964936
66.1094 0.964965
66.4219 0.964994
66.5312 0.965024
66.5625 0.965053
66.9375 0.965083
67.125 0.965112
67.75 0.965142
68.4219 0.965171
68.875 0.9652
68.9688 0.96523
69.875 0.965259
70 0.965289
70.2812 0.965318
70.4062 0.965348
70.5625 0.965377
70.6094 0.965407
72.3438 0.965436
72.4375 0.965495
72.75 0.965524
73.0625 0.965554
73.1875 0.965583
73.4375 0.965613
73.6094 0.965642
73.75 0.965672
73.9219 0.965701
74 0.96573
75.25 0.96576
75.5312 0.965789
75.7188 0.965819
75.8438 0.965848
75.875 0.965907
76.1875 0.965937
76.5 0.965966
77.125 0.965995
77.5 0.966025
77.5938 0.966054
78.1562 0.966084
78.25 0.966143
78.75 0.966172
79 0.966231
79.2188 0.96626
79.2812 0.96629
79.3125 0.966319
80 0.966349
80.3125 0.966378
80.5 0.966408
80.5312 0.966437
81.1875 0.966466
81.4375 0.966496
81.5 0.966525
82 0.966614
82.9062 0.966643
83 0.966702
83.0625 0.966731
83.125 0.966761
83.5 0.96679
83.6875 0.96682
83.7812 0.966849
84 0.966879
84.4375 0.966908
84.75 0.966967
85 0.966996
85.0938 0.967026
85.9375 0.967055
86 0.967144
86.4688 0.967173
86.5 0.967202
86.6875 0.969499
86.8125 0.969528
87.125 0.969558
88 0.969587
88.375 0.969705
88.5 0.969734
88.6562 0.969764
88.75 0.969793
88.9062 0.969823
89.5 0.969882
89.75 0.969911
90.5 0.969941
90.5938 0.96997
90.9062 0.969999
90.9375 0.970058
90.9688 0.970088
91.75 0.970117
92 0.970147
92.125 0.970176
92.1719 0.970235
92.5 0.970264
92.5625 0.970294
92.8125 0.970323
93.0625 0.970353
93.375 0.970382
93.8594 0.970412
94 0.97047
94.1719 0.9705
94.2812 0.970529
94.5625 0.970559
96 0.971118
96.5 0.971148
96.75 0.971177
96.8125 0.971207
97.5 0.971236
99.25 0.971295
99.5625 0.971324
100 0.971354
100.25 0.971383
100.469 0.971413
101.5 0.971442
101.75 0.971471
102.562 0.971501
102.719 0.97153
103.344 0.97156
103.688 0.971589
103.75 0.971619
104 0.971678
104.312 0.971707
104.375 0.971736
104.75 0.971766
105.25 0.972119
105.344 0.972178
106 0.972237
106.062 0.972266
106.859 0.972296
107 0.972325
107.062 0.972355
107.688 0.972414
107.75 0.972443
108.5 0.972502
109.5 0.972531
109.719 0.972561
109.75 0.97259
110.875 0.972649
112 0.972679
112.375 0.972708
113.375 0.972737
114.25 0.972767
115.094 0.972796
115.406 0.972826
119 0.972944
119.312 0.972973
120.375 0.973002
121 0.973032
122.188 0.973061
122.5 0.973091
123.156 0.97312
124.75 0.97315
125.656 0.973179
127.188 0.973209
127.438 0.975976
128.875 0.976035
129 0.976123
129.5 0.976153
129.969 0.976182
130.5 0.976212
131 0.976241
132 0.97627
133.938 0.9763
134.812 0.976329
135.75 0.976359
136.188 0.976388
136.438 0.976418
136.469 0.976447
137.594 0.976476
137.875 0.976506
139 0.976535
140.688 0.976624
142 0.976653
142.75 0.976683
143.5 0.977065
145 0.977095
146.188 0.978155
147.094 0.978184
148 0.978214
148.281 0.978243
149 0.978272
150.25 0.978302
151.125 0.978331
156 0.978361
156.25 0.97839
156.344 0.97842
157 0.978508
158 0.978537
158.062 0.978567
158.406 0.978596
161.812 0.978655
162.594 0.978685
163.375 0.978714
163.469 0.978743
163.5 0.978773
164 0.978832
167.125 0.978861
171.812 0.978891
172 0.97892
172.75 0.978979
173.875 0.979008
176.125 0.979038
179.344 0.979067
179.781 0.979097
181.625 0.979126
181.75 0.979156
182.875 0.979185
183.812 0.981481
184 0.981511
186.25 0.98154
186.562 0.98157
187.75 0.981599
187.938 0.981629
188.062 0.981658
191 0.981688
193 0.981717
194.625 0.981746
196 0.981776
197.75 0.984691
201.812 0.98472
207.906 0.984749
209.312 0.984779
209.438 0.984808
209.562 0.984838
212 0.984867
213 0.984897
214 0.984985
214.188 0.985014
216 0.985044
218.188 0.985073
220 0.985103
222.5 0.985132
223 0.985162
223.625 0.985191
224.5 0.985221
225.25 0.98525
232 0.988165
236 0.988488
236.5 0.988518
239.125 0.988547
244 0.988577
246 0.988606
246.25 0.988636
247 0.988665
250 0.988695
259 0.988724
259.312 0.988753
260 0.988783
260.5 0.988812
270.438 0.988842
272.312 0.988871
273.562 0.988901
276 0.98896
279 0.988989
284.125 0.989018
291.438 0.990078
292.688 0.990108
294.5 0.990137
299.312 0.990167
300.25 0.990196
308.5 0.990226
309.25 0.990255
310.25 0.990579
312.125 0.990608
314.5 0.990667
320.875 0.990697
322.25 0.990726
322.938 0.990755
324.375 0.990785
326 0.990844
328 0.990873
329.5 0.990932
333.188 0.990962
339.938 0.990991
362 0.99102
364 0.991079
378 0.991109
380 0.991138
382.812 0.991168
383.75 0.991227
384 0.991256
387.25 0.991285
396.188 0.991344
403 0.991374
409 0.991403
412 0.991433
413.5 0.991462
418 0.991491
419.25 0.991521
420 0.99158
422.688 0.991609
426.75 0.991639
438.375 0.991668
454 0.991698
460 0.994436
478.5 0.994465
496 0.994524
508 0.994553
512 0.99685
514 0.996879
525.875 0.996909
528 0.996968
536 0.996997
556 0.997056
567.5 0.997085
569 0.997115
569.75 0.997144
571 0.997174
572 0.997203
573.625 0.997262
574.375 0.997291
589 0.997321
596.25 0.99735
599 0.99738
602 0.997409
612 0.997468
640 0.997497
662.75 0.997527
668 0.997556
679.625 0.997586
696.375 0.997615
724 0.997704
726 0.997733
730 0.997762
735.25 0.997792
743.5 0.997821
772 0.99791
793.75 0.997939
844 0.997969
845.5 0.997998
848 0.998027
859 0.998057
861.5 0.998086
874 0.998116
888 0.998145
900 0.998528
900.75 0.998557
912 0.998587
924 0.998616
936 0.998646
956 0.998675
960 0.998705
964.5 0.998734
967 0.998763
972 0.998793
976 0.998822
1072.75 0.998852
1074 0.998881
1082 0.998911
1089.5 0.99894
1236 0.99897
1260 0.998999
1296 0.999028
1298.25 0.999087
1354 0.999117
1372.75 0.999146
1391 0.999176
1411 0.999205
1439.5 0.999235
1533.75 0.999264
1603 0.999293
1729 0.999617
1902.75 0.999647
1988 0.999676
2069.5 0.999706
2132 0.999735
2166.5 0.999794
2227 0.999823
5886 0.999853
7892 0.999882
10628 0.999941
17356 1
