0.0078125 0.00014832
0.015625 0.000415295
0.0234375 0.000444959
0.03125 0.0010679
0.0390625 0.00109756
0.046875 0.00136454
0.0546875 0.0014832
0.0625 0.00201715
0.0703125 0.00204681
0.078125 0.00240278
0.0859375 0.00243244
0.09375 0.00296639
0.101562 0.00311471
0.109375 0.00338169
0.117188 0.00344101
0.125 0.00415295
0.132812 0.00418261
0.140625 0.00444959
0.148438 0.00459791
0.15625 0.00516152
0.164062 0.00519118
0.171875 0.00554715
0.179688 0.00557681
0.1875 0.00611077
0.195312 0.00622942
0.203125 0.00655572
0.210938 0.00658539
0.21875 0.007149
0.226562 0.00717867
0.234375 0.00744564
0.242188 0.00753463
0.25 0.00809825
0.257812 0.00812791
0.265625 0.00845421
0.273438 0.00848388
0.28125 0.00898816
0.289062 0.00910682
0.296875 0.00937379
0.304688 0.00943312
0.3125 0.0100561
0.320312 0.0101154
0.328125 0.0103824
0.335938 0.010501
0.34375 0.0110646
0.351562 0.011124
0.359375 0.0114799
0.367188 0.0115096
0.375 0.0120435
0.382812 0.0121325
0.390625 0.0124292
0.398438 0.0124588
0.40625 0.0131114
0.414062 0.0131411
0.421875 0.0134081
0.429688 0.0135267
0.4375 0.0140904
0.445312 0.01412
0.453125 0.014476
0.460938 0.0145057
0.46875 0.0150099
0.476562 0.0151583
0.484375 0.0154252
0.492188 0.0154549
0.5 0.0161372
0.507812 0.0161668
0.515625 0.0164635
0.523438 0.0165821
0.53125 0.0170864
0.539062 0.0171161
0.546875 0.0175314
0.554688 0.0175907
0.5625 0.018184
0.570312 0.0183026
0.578125 0.0185696
0.585938 0.0185993
0.59375 0.0192815
0.601562 0.0193112
0.609375 0.0195485
0.617188 0.0196672
0.625 0.0202604
0.632812 0.0203198
0.640625 0.0207054
0.648438 0.0207351
0.65625 0.0212987
0.664062 0.021447
0.671875 0.0217733
0.679688 0.0218326
0.6875 0.0224852
0.695312 0.0225446
0.703125 0.0228115
0.710938 0.0229895
0.71875 0.0235235
0.726562 0.0235531
0.734375 0.0239091
0.742188 0.0239388
0.75 0.0245617
0.757812 0.02471
0.765625 0.0250363
0.773438 0.025066
0.78125 0.0256889
0.789062 0.0257483
0.796875 0.0260152
0.804688 0.0261339
0.8125 0.0267272
0.820312 0.0267865
0.828125 0.0271128
0.835938 0.0271721
0.84375 0.0276764
0.851562 0.0277951
0.859375 0.0280917
0.867188 0.0281214
0.875 0.028774
0.882812 0.028863
0.890625 0.0291003
0.898438 0.0292189
0.90625 0.0298419
0.914062 0.0298716
0.921875 0.0302275
0.929688 0.0302868
0.9375 0.0307911
0.945312 0.0309691
0.953125 0.0312954
0.960938 0.0313548
0.96875 0.0319777
0.976562 0.0320074
0.984375 0.0322447
0.992188 0.032393
1 0.0329566
1.00781 0.0329863
1.01562 0.0333719
1.02344 0.0334312
1.03125 0.0339948
1.03906 0.0340838
1.04688 0.0344101
1.05469 0.0344398
1.0625 0.0350627
1.07031 0.0351221
1.07812 0.0353594
1.08594 0.0355077
1.09375 0.036101
1.10156 0.0361603
1.10938 0.0365459
1.11719 0.0366053
1.125 0.0371985
1.13281 0.0373469
1.14062 0.0377028
1.14844 0.0377325
1.15625 0.0384148
1.16406 0.0384741
1.17188 0.0387114
1.17969 0.0388597
1.1875 0.0393937
1.19531 0.039453
1.20312 0.0398386
1.21094 0.039898
1.21875 0.0404616
1.22656 0.0406396
1.23438 0.0409362
1.24219 0.0410252
1.25 0.0416778
1.25781 0.0417075
1.26562 0.0420041
1.27344 0.0421524
1.28125 0.042805
1.28906 0.0428643
1.29688 0.0432796
1.30469 0.0433093
1.3125 0.0438433
1.32031 0.0439916
1.32812 0.0443475
1.33594 0.0444365
1.34375 0.0450891
1.35156 0.0451188
1.35938 0.0453561
1.36719 0.0454748
1.375 0.046068
1.38281 0.0461274
1.39062 0.0464537
1.39844 0.046513
1.40625 0.047047
1.41406 0.0471953
1.42188 0.0475216
1.42969 0.0475512
1.4375 0.0481742
1.44531 0.0482039
1.45312 0.0485005
1.46094 0.0486488
1.46875 0.0491828
1.47656 0.0492124
1.48438 0.0495981
1.49219 0.0496277
1.5 0.0501617
1.50781 0.0503397
1.51562 0.0506363
1.52344 0.050666
1.53125 0.0513779
1.53906 0.0514076
1.54688 0.0517042
1.55469 0.0518228
1.5625 0.0523865
1.57031 0.0524458
1.57812 0.0528018
1.58594 0.0528611
1.59375 0.0534544
1.60156 0.053573
1.60938 0.0538697
1.61719 0.053929
1.625 0.0546113
1.63281 0.0546409
1.64062 0.0549376
1.64844 0.0550859
1.65625 0.0557088
1.66406 0.0557681
1.67188 0.0561834
1.67969 0.0562131
1.6875 0.0567767
1.69531 0.056925
1.70312 0.057192
1.71094 0.0572217
1.71875 0.0578743
1.72656 0.0579039
1.73438 0.0582006
1.74219 0.0583489
1.75 0.0589422
1.75781 0.0589718
1.76562 0.0593575
1.77344 0.0594168
1.78125 0.0600101
1.78906 0.0601287
1.79688 0.0604254
1.80469 0.0604847
1.8125 0.061167
1.82031 0.0612263
1.82812 0.0614933
1.83594 0.0616119
1.84375 0.0621756
1.85156 0.0622645
1.85938 0.0626205
1.86719 0.0626798
1.875 0.0632435
1.88281 0.0634214
1.89062 0.0638367
1.89844 0.0638961
1.90625 0.064608
1.91406 0.0646673
1.92188 0.0649343
1.92969 0.0650826
1.9375 0.0657056
1.94531 0.0657649
1.95312 0.0661209
1.96094 0.0661802
1.96875 0.0668328
1.97656 0.0670404
1.98438 0.0673667
1.99219 0.0674261
2 0.0702145
2.00781 0.0703331
2.01562 0.0707188
2.02344 0.0709264
2.03125 0.0715197
2.03906 0.0716977
2.04688 0.0720536
2.05469 0.072113
2.0625 0.0727062
2.07031 0.0728546
2.07812 0.0731512
2.08594 0.0731809
2.09375 0.0738335
2.10156 0.0738928
2.10938 0.0745454
2.11719 0.0753167
2.125 0.0759396
2.13281 0.0760286
2.14062 0.0765032
2.14844 0.0765625
2.15625 0.0771558
2.16406 0.0772745
2.17188 0.0776008
2.17969 0.0776898
2.1875 0.078728
2.19531 0.078817
2.20312 0.0796179
2.21094 0.0797959
2.21875 0.0803892
2.22656 0.0804189
2.23438 0.0808341
2.24219 0.0808935
2.25 0.0814868
2.25781 0.0816647
2.26562 0.081991
2.27344 0.0839785
2.28125 0.0847201
2.28906 0.0847794
2.29688 0.0850464
2.30469 0.0852541
2.3125 0.085877
2.32031 0.085966
2.32812 0.0866779
2.33594 0.0867373
2.34375 0.0873009
2.35156 0.0878645
2.35938 0.0882205
2.36719 0.0882798
2.375 0.0889917
2.38281 0.0890511
2.39062 0.089318
2.39844 0.0894663
2.40625 0.0900596
2.41406 0.0900893
2.42188 0.0905936
2.42969 0.0906826
2.4375 0.0916318
2.44531 0.0918691
2.45312 0.0921954
2.46094 0.0922548
2.46875 0.0929667
2.47656 0.093026
2.48438 0.093293
2.49219 0.0934413
2.5 0.0939753
2.50781 0.0940643
2.51562 0.0944499
2.52344 0.0948652
2.53125 0.0954288
2.53906 0.0956068
2.54688 0.0959627
2.55469 0.0960221
2.5625 0.0967933
2.57031 0.0968823
2.57812 0.0972086
2.58594 0.0973866
2.59375 0.0979502
2.60156 0.0981579
2.60938 0.0985732
2.61719 0.0986325
2.625 0.0992258
2.63281 0.100056
2.64062 0.100383
2.64844 0.100442
2.65625 0.101095
2.66406 0.101154
2.67188 0.101599
2.67969 0.101777
2.6875 0.102429
2.69531 0.102489
2.70312 0.102874
2.71094 0.10326
2.71875 0.103764
2.72656 0.103913
2.73438 0.104239
2.74219 0.104298
2.75 0.104921
2.75781 0.104981
2.76562 0.105307
2.77344 0.105515
2.78125 0.106167
2.78906 0.106286
2.79688 0.106612
2.80469 0.106671
2.8125 0.107354
2.82031 0.107561
2.82812 0.107828
2.83594 0.107888
2.84375 0.1086
2.85156 0.108659
2.85938 0.108956
2.86719 0.109104
2.875 0.109727
2.88281 0.109756
2.89062 0.110172
2.89844 0.111032
2.90625 0.111596
2.91406 0.111744
2.92188 0.112011
2.92969 0.11207
2.9375 0.112723
2.94531 0.11474
2.95312 0.115037
2.96094 0.115571
2.96875 0.116164
2.97656 0.116223
2.98438 0.116698
2.99219 0.116727
3 0.117321
3.00781 0.117469
3.01562 0.118062
3.02344 0.118151
3.03125 0.118804
3.03906 0.118893
3.04688 0.119219
3.05469 0.119368
3.0625 0.119991
3.07031 0.12002
3.07812 0.120732
3.08594 0.120791
3.09375 0.121444
3.10156 0.121592
3.10938 0.121919
3.11719 0.122008
3.125 0.12266
3.13281 0.122779
3.14062 0.123046
3.14844 0.123283
3.15625 0.123906
3.16406 0.123965
3.17188 0.124381
3.17969 0.12441
3.1875 0.125004
3.19531 0.125152
3.20312 0.126309
3.21094 0.126398
3.21875 0.12711
3.22656 0.127199
3.23438 0.127495
3.24219 0.127614
3.25 0.128267
3.25781 0.128326
3.26562 0.128741
3.27344 0.128801
3.28125 0.129335
3.28906 0.129631
3.29688 0.129958
3.30469 0.130017
3.3125 0.130759
3.32031 0.132776
3.32812 0.133102
3.33594 0.133221
3.34375 0.133814
3.35156 0.133873
3.35938 0.134259
3.36719 0.134348
3.375 0.134882
3.38281 0.13503
3.39062 0.135416
3.39844 0.135475
3.40625 0.138115
3.41406 0.138174
3.42188 0.138441
3.42969 0.138649
3.4375 0.139302
3.44531 0.139361
3.45312 0.139776
3.46094 0.139836
3.46875 0.140429
3.47656 0.140577
3.48438 0.140933
3.49219 0.140993
3.5 0.141645
3.50781 0.141704
3.51562 0.142031
3.52344 0.142209
3.53125 0.14295
3.53906 0.14301
3.54688 0.143395
3.55469 0.143455
3.5625 0.144137
3.57031 0.144285
3.57812 0.144582
3.58594 0.144671
3.59375 0.145353
3.60156 0.145412
3.60938 0.145709
3.61719 0.145887
3.625 0.14654
3.63281 0.146629
3.64062 0.147014
3.64844 0.147074
3.65625 0.147637
3.66406 0.147786
3.67188 0.148082
3.67969 0.148142
3.6875 0.148972
3.69531 0.149002
3.70312 0.149269
3.71094 0.149447
3.71875 0.150188
3.72656 0.150248
3.73438 0.150604
3.74219 0.150633
3.75 0.151227
3.75781 0.151494
3.76562 0.15185
3.77344 0.151909
3.78125 0.152621
3.78906 0.15268
3.79688 0.153066
3.80469 0.153214
3.8125 0.153837
3.82031 0.153896
3.82812 0.154312
3.83594 0.154401
3.84375 0.155024
3.85156 0.155202
3.85938 0.155558
3.86719 0.155617
3.875 0.156388
3.88281 0.156447
3.89062 0.158702
3.89844 0.168076
3.90625 0.170538
3.91406 0.170716
3.92188 0.17119
3.92969 0.17125
3.9375 0.171902
3.94531 0.172051
3.95312 0.172466
3.96094 0.172525
3.96875 0.173267
3.97656 0.173386
3.98438 0.173742
3.99219 0.17389
4 0.174542
4.00781 0.174572
4.01562 0.175492
4.03125 0.176055
4.03906 0.176174
4.04688 0.17831
4.05469 0.178339
4.0625 0.179051
4.07031 0.179081
4.07812 0.179348
4.08594 0.179437
4.09375 0.182611
4.10156 0.182641
4.10938 0.182967
4.11719 0.182997
4.125 0.186141
4.13281 0.18623
4.14062 0.186527
4.14844 0.186586
4.15625 0.187328
4.16406 0.187357
4.17188 0.187595
4.17969 0.187743
4.1875 0.188484
4.20312 0.1889
4.21094 0.188929
4.21875 0.191481
4.22656 0.191599
4.23438 0.191866
4.24219 0.191925
4.25 0.192993
4.25781 0.193023
4.26562 0.195248
4.27344 0.195337
4.28125 0.19596
4.28906 0.195989
4.29688 0.196375
4.30469 0.196405
4.3125 0.201982
4.32031 0.20213
4.32812 0.202427
4.33594 0.204473
4.34375 0.205245
4.35156 0.205274
4.35938 0.20563
4.36719 0.205749
4.375 0.206401
4.38281 0.206431
4.39062 0.206817
4.39844 0.206846
4.40625 0.20922
4.41406 0.209368
4.42188 0.213639
4.42969 0.213669
4.4375 0.214351
4.44531 0.214381
4.45312 0.214648
4.46094 0.214915
4.46875 0.219513
4.47656 0.219543
4.48438 0.219928
4.49219 0.219958
4.5 0.221144
4.50781 0.221263
4.51562 0.223518
4.52344 0.223547
4.53125 0.227433
4.53906 0.227463
4.54688 0.227759
4.55469 0.227878
4.5625 0.23037
4.57031 0.230489
4.57812 0.230874
4.58594 0.230904
4.59375 0.231467
4.60156 0.231616
4.60938 0.231912
4.61719 0.231972
4.625 0.232832
4.63281 0.232862
4.64062 0.233099
4.64844 0.233218
4.65625 0.233811
4.66406 0.23393
4.67188 0.234286
4.67969 0.234315
4.6875 0.235502
4.69531 0.23562
4.70312 0.237875
4.71094 0.237905
4.71875 0.240456
4.72656 0.240485
4.73438 0.242651
4.74219 0.242829
4.75 0.243422
4.75781 0.243452
4.76562 0.245854
4.77344 0.245914
4.78125 0.246448
4.78906 0.246655
4.79688 0.247753
4.80469 0.247783
4.8125 0.248406
4.82031 0.248435
4.82812 0.25066
4.83594 0.250808
4.84375 0.251402
4.85156 0.251431
4.85938 0.251787
4.86719 0.251817
4.875 0.255762
4.88281 0.255881
4.89062 0.256178
4.89844 0.256207
4.90625 0.2595
4.91406 0.25953
4.92188 0.259797
4.92969 0.259915
4.9375 0.260479
4.94531 0.260538
4.95312 0.26125
4.96094 0.26128
4.96875 0.261932
4.97656 0.262051
4.98438 0.262348
4.99219 0.262377
5 0.263119
5.00781 0.263208
5.01562 0.267272
5.02344 0.26742
5.03125 0.268013
5.03906 0.268043
5.04688 0.268458
5.05469 0.268488
5.0625 0.269052
5.07031 0.26917
5.07812 0.271306
5.08594 0.271365
5.09375 0.272137
5.10156 0.272166
5.10938 0.272433
5.11719 0.272552
5.125 0.273234
5.13281 0.273264
5.14062 0.273679
5.14844 0.275548
5.15625 0.276082
5.16406 0.27626
5.17188 0.278455
5.17969 0.278485
5.1875 0.279137
5.19531 0.279167
5.20312 0.279434
5.21094 0.279553
5.21875 0.280116
5.22656 0.280176
5.23438 0.280591
5.24219 0.280621
5.25 0.283142
5.25781 0.283261
5.26562 0.28421
5.28125 0.284951
5.28906 0.284981
5.29688 0.285218
5.30469 0.285337
5.3125 0.28596
5.32031 0.286019
5.32812 0.286375
5.33594 0.286405
5.34375 0.288986
5.35156 0.289134
5.35938 0.28946
5.36719 0.28949
5.375 0.290232
5.39062 0.291359
5.39844 0.291507
5.40625 0.29394
5.41406 0.293969
5.42188 0.294355
5.42969 0.294385
5.4375 0.294919
5.44531 0.295037
5.45312 0.295334
5.46094 0.295364
5.46875 0.296995
5.48438 0.299338
5.49219 0.299457
5.5 0.30008
5.50781 0.30011
5.51562 0.302038
5.52344 0.302157
5.53125 0.303284
5.53906 0.303402
5.54688 0.303818
5.55469 0.303936
5.5625 0.304619
5.57031 0.304648
5.57812 0.305479
5.58594 0.305983
5.59375 0.309306
5.60156 0.309335
5.60938 0.309691
5.61719 0.309721
5.625 0.312391
5.63281 0.313399
5.64062 0.314586
5.64844 0.314615
5.65625 0.315268
5.66406 0.315327
5.67188 0.315624
5.67969 0.315743
5.6875 0.316395
5.69531 0.316425
5.70312 0.316781
5.71094 0.31687
5.71875 0.317433
5.72656 0.317522
5.73438 0.31776
5.74219 0.317789
5.75 0.318531
5.75781 0.318561
5.76562 0.320815
5.77344 0.320934
5.78125 0.321527
5.78906 0.321735
5.79688 0.32212
5.80469 0.32215
5.8125 0.322714
5.82031 0.322832
5.82812 0.323218
5.83594 0.323248
5.84375 0.32396
5.85156 0.324019
5.85938 0.324316
5.86719 0.324523
5.875 0.327697
5.88281 0.327727
5.89062 0.328083
5.89844 0.328112
5.90625 0.328735
5.91406 0.328854
5.92188 0.329121
5.92969 0.329151
5.9375 0.329803
5.94531 0.329863
5.95312 0.331969
5.96094 0.332087
5.96875 0.332681
5.97656 0.33271
5.98438 0.335143
5.99219 0.335232
6 0.335795
6.00781 0.336033
6.01562 0.336359
6.02344 0.336389
6.03125 0.337101
6.03906 0.33713
6.04688 0.339533
6.05469 0.339652
6.0625 0.340393
6.07031 0.340423
6.07812 0.341165
6.08594 0.341194
6.09375 0.342618
6.10156 0.342737
6.10938 0.343033
6.11719 0.343063
6.125 0.343745
6.13281 0.343775
6.14062 0.344131
6.14844 0.34425
6.15625 0.344902
6.16406 0.344932
6.17188 0.347157
6.17969 0.347216
6.1875 0.34778
6.19531 0.347898
6.20312 0.348225
6.21094 0.348254
6.21875 0.349886
6.22656 0.349915
6.23438 0.352051
6.24219 0.35217
6.25 0.352763
6.25781 0.352793
6.26562 0.353178
6.27344 0.353208
6.28125 0.353742
6.28906 0.354217
6.29688 0.356649
6.30469 0.356679
6.3125 0.357361
6.32031 0.357391
6.32812 0.359527
6.33594 0.359705
6.34375 0.362671
6.35156 0.362701
6.35938 0.363146
6.36719 0.363175
6.375 0.363769
6.38281 0.363887
6.39062 0.364213
6.39844 0.364243
6.40625 0.366735
6.41406 0.366794
6.42188 0.367032
6.42969 0.36715
6.4375 0.367832
6.44531 0.367862
6.45312 0.370295
6.46094 0.370324
6.46875 0.370858
6.47656 0.370977
6.48438 0.371273
6.49219 0.371333
6.5 0.375812
6.50781 0.375842
6.51562 0.376198
6.52344 0.376316
6.53125 0.377295
6.53906 0.377325
6.54688 0.37774
6.55469 0.37777
6.5625 0.381181
6.57031 0.381389
6.57812 0.381715
6.58594 0.381745
6.59375 0.382546
6.60156 0.382575
6.60938 0.382902
6.61719 0.38305
6.625 0.383851
6.63281 0.383881
6.64062 0.385186
6.64844 0.385245
6.65625 0.385809
6.66406 0.385927
6.67188 0.386194
6.67969 0.386224
6.6875 0.387173
6.69531 0.387203
6.70312 0.388301
6.71094 0.388419
6.71875 0.389101
6.72656 0.389161
6.73438 0.389517
6.74219 0.389546
6.75 0.39014
6.75781 0.390347
6.76562 0.390644
6.77344 0.390674
6.78125 0.391356
6.78906 0.391386
6.79688 0.391653
6.80469 0.391801
6.8125 0.392454
6.82031 0.392483
6.82812 0.392839
6.83594 0.392869
6.84375 0.393462
6.85156 0.39364
6.85938 0.393877
6.86719 0.393907
6.875 0.394589
6.88281 0.394678
6.89062 0.395005
6.89844 0.395123
6.90625 0.397823
6.91406 0.397852
6.92188 0.398268
6.92969 0.398297
6.9375 0.39895
6.94531 0.399069
6.95312 0.399395
6.96094 0.399425
6.96875 0.400166
6.97656 0.400196
6.98438 0.400463
6.99219 0.400611
7 0.401145
7.00781 0.401175
7.01562 0.401531
7.02344 0.40156
7.03125 0.402124
7.03906 0.402302
7.04688 0.402569
7.05469 0.402599
7.0625 0.403281
7.07031 0.40334
7.07812 0.403637
7.08594 0.403755
7.09375 0.404349
7.10156 0.404378
7.10938 0.404764
7.11719 0.404853
7.125 0.405387
7.13281 0.405535
7.14062 0.405832
7.14844 0.405862
7.15625 0.406603
7.16406 0.406633
7.17188 0.40773
7.17969 0.407849
7.1875 0.408531
7.19531 0.40865
7.20312 0.412803
7.21094 0.412833
7.21875 0.413901
7.22656 0.414019
7.23438 0.417104
7.24219 0.417164
7.25 0.417875
7.25781 0.417905
7.26562 0.418172
7.27344 0.42013
7.28125 0.420694
7.28906 0.420723
7.29688 0.421079
7.30469 0.421109
7.3125 0.421761
7.32031 0.42188
7.32812 0.422236
7.33594 0.422266
7.34375 0.423096
7.35156 0.423126
7.35938 0.423779
7.36719 0.423897
7.375 0.427042
7.38281 0.42894
7.39062 0.429444
7.39844 0.429474
7.40625 0.430127
7.41406 0.430275
7.42188 0.430542
7.42969 0.430572
7.4375 0.432084
7.44531 0.432144
7.45312 0.433271
7.46094 0.433419
7.46875 0.434042
7.47656 0.434072
7.48438 0.434428
7.49219 0.434458
7.5 0.435021
7.50781 0.43517
7.51562 0.43953
7.52344 0.43956
7.53125 0.440242
7.53906 0.440272
7.54688 0.441458
7.55469 0.441607
7.5625 0.4422
7.57031 0.44223
7.57812 0.444692
7.58594 0.444751
7.59375 0.445374
7.60156 0.445493
7.60938 0.445789
7.61719 0.445819
7.625 0.44659
7.63281 0.44662
7.64062 0.447332
7.64844 0.44745
7.65625 0.448192
7.66406 0.448251
7.67188 0.451455
7.67969 0.451485
7.6875 0.452048
7.69531 0.452197
7.70312 0.452493
7.71094 0.452523
7.71875 0.453205
7.72656 0.453235
7.73438 0.455371
7.74219 0.455549
7.75 0.456142
7.75781 0.456172
7.76562 0.45718
7.77344 0.45721
7.78125 0.457803
7.78906 0.457922
7.79688 0.460236
7.80469 0.460265
7.8125 0.462816
7.82031 0.462935
7.82812 0.463261
7.83594 0.46338
7.84375 0.463944
7.85156 0.463973
7.85938 0.466228
7.86719 0.466257
7.875 0.468037
7.88281 0.468185
7.89062 0.468541
7.89844 0.468601
7.90625 0.469313
7.91406 0.469342
7.92188 0.469639
7.92969 0.469758
7.9375 0.47041
7.94531 0.47044
7.95312 0.4713
7.96094 0.47133
7.96875 0.471923
7.97656 0.472071
7.98438 0.472457
7.99219 0.472487
8 0.47308
8.00781 0.47311
8.01562 0.473377
8.02344 0.473466
8.03125 0.474029
8.03906 0.474059
8.04688 0.474356
8.05469 0.474415
8.0625 0.474978
8.07031 0.475067
8.07812 0.475334
8.08594 0.475364
8.09375 0.475928
8.10156 0.475957
8.10938 0.476135
8.11719 0.476195
8.125 0.476758
8.13281 0.476818
8.14062 0.477174
8.14844 0.477203
8.15625 0.477708
8.16406 0.477797
8.17188 0.478064
8.17969 0.478123
8.1875 0.478746
8.19531 0.478775
8.20312 0.479013
8.21094 0.479131
8.21875 0.479725
8.22656 0.479754
8.23438 0.480051
8.24219 0.480081
8.25 0.480674
8.25781 0.480763
8.26562 0.48106
8.27344 0.481089
8.28125 0.481712
8.28906 0.481801
8.29688 0.482602
8.30469 0.482691
8.3125 0.483255
8.32031 0.483284
8.32812 0.48364
8.33594 0.48367
8.34375 0.484234
8.35156 0.484323
8.35938 0.48459
8.36719 0.484619
8.375 0.485213
8.38281 0.485242
8.39062 0.48548
8.39844 0.485569
8.40625 0.486132
8.41406 0.486162
8.42188 0.486488
8.42969 0.486518
8.4375 0.487052
8.44531 0.4872
8.45312 0.487467
8.46094 0.487497
8.46875 0.48809
8.47656 0.48812
8.48438 0.488357
8.49219 0.488446
8.5 0.48901
8.50781 0.489039
8.51562 0.489336
8.52344 0.489395
8.53125 0.489929
8.53906 0.490018
8.54688 0.490582
8.55469 0.490611
8.5625 0.491294
8.57031 0.491323
8.57812 0.491561
8.58594 0.49165
8.59375 0.492599
8.60156 0.492629
8.60938 0.492955
8.61719 0.492984
8.625 0.493548
8.63281 0.493637
8.64062 0.493963
8.64844 0.493993
8.65625 0.494616
8.66406 0.494646
8.67188 0.494972
8.67969 0.497078
8.6875 0.498146
8.69531 0.498176
8.70312 0.498472
8.71094 0.498502
8.71875 0.499066
8.72656 0.499273
8.73438 0.49957
8.74219 0.4996
8.75 0.500222
8.75781 0.500252
8.76562 0.500519
8.77344 0.500608
8.78125 0.501231
8.78906 0.501261
8.79688 0.501617
8.80469 0.501646
8.8125 0.502269
8.82031 0.502358
8.82812 0.502596
8.83594 0.502655
8.84375 0.503219
8.85156 0.503248
8.85938 0.503486
8.86719 0.503575
8.875 0.504197
8.88281 0.504227
8.89062 0.504583
8.89844 0.504613
8.90625 0.505147
8.91406 0.505265
8.92188 0.505503
8.92969 0.505532
8.9375 0.506185
8.94531 0.506215
8.95312 0.508439
8.96094 0.508528
8.96875 0.509092
8.97656 0.509122
8.98438 0.509448
8.99219 0.509478
9 0.510427
9.00781 0.510516
9.01562 0.510783
9.02344 0.510812
9.03125 0.512325
9.03906 0.512355
9.04688 0.512592
9.05469 0.512681
9.0625 0.513304
9.07031 0.513364
9.07812 0.51369
9.08594 0.51372
9.09375 0.514254
9.10156 0.514372
9.10938 0.514639
9.11719 0.514669
9.125 0.515321
9.13281 0.515351
9.14062 0.515588
9.14844 0.515707
9.15625 0.516271
9.16406 0.5163
9.17188 0.516656
9.17969 0.516686
9.1875 0.51722
9.19531 0.517309
9.20312 0.517576
9.21094 0.517606
9.21875 0.518584
9.22656 0.518644
9.23438 0.518911
9.24219 0.519
9.25 0.519563
9.25781 0.519593
9.26562 0.519919
9.27344 0.519949
9.28125 0.520483
9.28906 0.520572
9.29688 0.520898
9.30469 0.520928
9.3125 0.521877
9.32031 0.521907
9.32812 0.522144
9.33594 0.522233
9.34375 0.522797
9.35156 0.522826
9.35938 0.523153
9.36719 0.523182
9.375 0.523776
9.38281 0.523865
9.39062 0.524161
9.39844 0.524191
9.40625 0.524844
9.41406 0.525259
9.42188 0.525496
9.42969 0.525585
9.4375 0.526119
9.44531 0.526149
9.45312 0.526475
9.46094 0.526564
9.46875 0.527098
9.47656 0.527217
9.48438 0.527484
9.49219 0.527513
9.5 0.528077
9.50781 0.528107
9.51562 0.528344
9.52344 0.528433
9.53125 0.528996
9.53906 0.529056
9.54688 0.529382
9.55469 0.529412
9.5625 0.530005
9.57031 0.530094
9.57812 0.53042
9.58594 0.53045
9.59375 0.531073
9.60156 0.531132
9.60938 0.53137
9.61719 0.531488
9.625 0.532111
9.63281 0.532141
9.64062 0.532467
9.64844 0.532497
9.65625 0.53306
9.66406 0.53312
9.67188 0.533387
9.67969 0.533416
9.6875 0.534039
9.69531 0.534069
9.70312 0.534306
9.71094 0.534366
9.71875 0.534989
9.72656 0.535018
9.73438 0.535404
9.74219 0.535434
9.75 0.535997
9.75781 0.536086
9.76562 0.536442
9.77344 0.536501
9.78125 0.537154
9.78906 0.537184
9.79688 0.537421
9.80469 0.53754
9.8125 0.538163
9.82031 0.538222
9.82812 0.538548
9.83594 0.538578
9.84375 0.539082
9.85156 0.539171
9.85938 0.539468
9.86719 0.539497
9.875 0.54012
9.88281 0.54015
9.89062 0.540417
9.89844 0.540506
9.90625 0.541129
9.91406 0.541159
9.92188 0.541455
9.92969 0.541515
9.9375 0.542375
9.94531 0.542464
9.95312 0.542731
9.96094 0.542761
9.96875 0.543383
9.97656 0.543413
9.98438 0.54365
9.99219 0.543739
10 0.544392
10.0078 0.544422
10.0156 0.544748
10.0234 0.544807
10.0312 0.545341
10.0391 0.54546
10.0469 0.545727
10.0547 0.545757
10.0625 0.54638
10.0703 0.546409
10.0781 0.546646
10.0859 0.546824
10.0938 0.547447
10.1016 0.547477
10.1094 0.547803
10.1172 0.547833
10.125 0.548367
10.1328 0.548456
10.1406 0.548723
10.1484 0.548782
10.1562 0.549376
10.1641 0.549435
10.1719 0.549672
10.1797 0.549761
10.1875 0.550414
10.1953 0.550443
10.2031 0.550829
10.2109 0.550859
10.2188 0.551363
10.2266 0.551452
10.2344 0.551778
10.2422 0.551808
10.25 0.552757
10.2578 0.552817
10.2656 0.553054
10.2734 0.553173
10.2812 0.553647
10.2891 0.553677
10.2969 0.554003
10.3047 0.554033
10.3125 0.554626
10.3203 0.554745
10.3281 0.555012
10.3359 0.555041
10.3438 0.555605
10.3516 0.555635
10.3594 0.555872
10.3672 0.555961
10.375 0.55691
10.3828 0.55697
10.3906 0.557296
10.3984 0.557326
10.4062 0.557859
10.4141 0.557948
10.4219 0.558215
10.4297 0.560084
10.4375 0.560707
10.4453 0.560737
10.4531 0.560974
10.4609 0.561063
10.4688 0.561656
10.4766 0.561716
10.4844 0.562042
10.4922 0.562072
10.5 0.562606
10.5078 0.562695
10.5156 0.562962
10.5234 0.562991
10.5312 0.563644
10.5391 0.563674
10.5469 0.563911
10.5547 0.564089
10.5625 0.564623
10.5703 0.564652
10.5781 0.565038
10.5859 0.565097
10.5938 0.567738
10.6016 0.567827
10.6094 0.568123
10.6172 0.568153
10.625 0.568805
10.6328 0.568835
10.6406 0.569161
10.6484 0.569577
10.6562 0.57014
10.6641 0.57017
10.6719 0.570467
10.6797 0.570496
10.6875 0.57103
10.6953 0.571119
10.7031 0.571386
10.7109 0.571446
10.7188 0.572009
10.7266 0.572039
10.7344 0.572276
10.7422 0.572365
10.75 0.573018
10.7578 0.573047
10.7656 0.573433
10.7734 0.573463
10.7812 0.574026
10.7891 0.574145
10.7969 0.574412
10.8047 0.574442
10.8125 0.575124
10.8203 0.575154
10.8281 0.575391
10.8359 0.57548
10.8438 0.576043
10.8516 0.576073
10.8594 0.576488
10.8672 0.578387
10.875 0.578921
10.8828 0.57901
10.8906 0.579247
10.8984 0.579277
10.9062 0.579929
10.9141 0.579959
10.9219 0.580196
10.9297 0.580285
10.9375 0.580879
10.9453 0.580938
10.9531 0.581294
10.9609 0.581324
10.9688 0.581858
10.9766 0.581947
10.9844 0.582243
10.9922 0.582273
11 0.582896
11.0078 0.582925
11.0156 0.583163
11.0234 0.583252
11.0312 0.583845
11.0391 0.583875
11.0469 0.584201
11.0547 0.584231
11.0625 0.584765
11.0703 0.584883
11.0781 0.58518
11.0859 0.58521
11.0938 0.585862
11.1016 0.585892
11.1094 0.586129
11.1172 0.586218
11.125 0.5869
11.1328 0.586989
11.1406 0.587375
11.1484 0.587405
11.1562 0.587939
11.1641 0.588057
11.1719 0.588324
11.1797 0.588413
11.1875 0.589096
11.1953 0.589125
11.2031 0.589363
11.2109 0.589511
11.2188 0.590074
11.2266 0.590104
11.2344 0.59043
11.2422 0.590519
11.25 0.592299
11.2578 0.594227
11.2656 0.594524
11.2734 0.594554
11.2812 0.595206
11.2891 0.595236
11.2969 0.595473
11.3047 0.595562
11.3125 0.596156
11.3203 0.596185
11.3281 0.596512
11.3359 0.596571
11.3438 0.597105
11.3516 0.597194
11.3594 0.597461
11.3672 0.59749
11.375 0.598113
11.3828 0.598143
11.3906 0.59838
11.3984 0.59844
11.4062 0.599003
11.4141 0.599033
11.4219 0.599359
11.4297 0.599389
11.4375 0.599923
11.4453 0.600012
11.4531 0.600338
11.4609 0.600368
11.4688 0.600991
11.4766 0.60102
11.4844 0.601258
11.4922 0.601376
11.5 0.60197
11.5078 0.601999
11.5156 0.602355
11.5234 0.602385
11.5312 0.602949
11.5391 0.603038
11.5469 0.603305
11.5547 0.603334
11.5625 0.603987
11.5703 0.604076
11.5781 0.606301
11.5859 0.60639
11.5938 0.606953
11.6016 0.606983
11.6094 0.60728
11.6172 0.607309
11.625 0.609712
11.6328 0.609831
11.6406 0.610068
11.6484 0.610127
11.6562 0.61075
11.6641 0.61078
11.6719 0.611017
11.6797 0.611106
11.6875 0.611759
11.6953 0.611818
11.7031 0.612144
11.7109 0.612174
11.7188 0.612708
11.7266 0.612945
11.7344 0.613598
11.7422 0.613687
11.75 0.614399
11.7578 0.614429
11.7656 0.614695
11.7734 0.614784
11.7812 0.615348
11.7891 0.615378
11.7969 0.615674
11.8047 0.615704
11.8125 0.616268
11.8203 0.616386
11.8281 0.616653
11.8359 0.616683
11.8438 0.617425
11.8516 0.617454
11.8594 0.617692
11.8672 0.617781
11.875 0.620836
11.8828 0.620895
11.8906 0.621222
11.8984 0.621251
11.9062 0.621785
11.9141 0.621904
11.9219 0.622141
11.9297 0.622171
11.9375 0.622794
11.9453 0.622823
11.9531 0.623061
11.9609 0.623743
11.9688 0.624336
11.9766 0.624366
11.9844 0.624722
11.9922 0.624752
12 0.625286
12.0078 0.625463
12.0156 0.62573
12.0234 0.62576
12.0312 0.626353
12.0391 0.626383
12.0469 0.62662
12.0547 0.626709
12.0625 0.627214
12.0703 0.627243
12.0781 0.627629
12.0859 0.627659
12.0938 0.628133
12.1016 0.628222
12.1094 0.628549
12.1172 0.628578
12.125 0.629201
12.1328 0.629231
12.1406 0.629468
12.1484 0.629587
12.1562 0.630091
12.1641 0.630121
12.1719 0.630477
12.1797 0.630506
12.1875 0.631011
12.1953 0.631129
12.2031 0.631396
12.2109 0.631426
12.2188 0.632019
12.2266 0.632079
12.2344 0.632316
12.2422 0.632435
12.25 0.632968
12.2578 0.632998
12.2656 0.633295
12.2734 0.633324
12.2812 0.633799
12.2891 0.633918
12.2969 0.634185
12.3047 0.634214
12.3125 0.634837
12.3203 0.634867
12.3281 0.635134
12.3359 0.635282
12.3438 0.635846
12.3516 0.635876
12.3594 0.636231
12.3672 0.636261
12.375 0.636795
12.3828 0.636914
12.3906 0.637181
12.3984 0.63724
12.4062 0.637893
12.4141 0.637922
12.4219 0.638219
12.4297 0.638308
12.4375 0.638872
12.4453 0.638901
12.4531 0.639198
12.4609 0.639228
12.4688 0.639732
12.4766 0.639821
12.4844 0.640117
12.4922 0.640147
12.5 0.64077
12.5078 0.6408
12.5156 0.641037
12.5234 0.641156
12.5312 0.64169
12.5391 0.641719
12.5469 0.644033
12.5547 0.644063
12.5625 0.644567
12.5703 0.644686
12.5781 0.644982
12.5859 0.645012
12.5938 0.645635
12.6016 0.645665
12.6094 0.645991
12.6172 0.64611
12.625 0.646644
12.6328 0.646673
12.6406 0.646999
12.6484 0.647029
12.6562 0.647563
12.6641 0.647682
12.6719 0.647949
12.6797 0.647978
12.6875 0.648572
12.6953 0.648601
12.7031 0.648839
12.7109 0.648957
12.7188 0.649491
12.7266 0.649521
12.7344 0.649847
12.7422 0.649877
12.75 0.650441
12.7578 0.650559
12.7656 0.650826
12.7734 0.650856
12.7812 0.651479
12.7891 0.651508
12.7969 0.651746
12.8047 0.651835
12.8125 0.654445
12.8203 0.654475
12.8281 0.65486
12.8359 0.65489
12.8438 0.655394
12.8516 0.655513
12.8594 0.65578
12.8672 0.65581
12.875 0.656403
12.8828 0.656492
12.8906 0.656729
12.8984 0.656848
12.9062 0.657382
12.9141 0.657412
12.9219 0.657767
12.9297 0.657797
12.9375 0.658746
12.9453 0.658865
12.9531 0.659162
12.9609 0.659191
12.9688 0.659874
12.9766 0.659903
12.9844 0.660141
12.9922 0.660259
13 0.660882
13.0078 0.660912
13.0156 0.661209
13.0234 0.661238
13.0312 0.661772
13.0391 0.66195
13.0469 0.662187
13.0547 0.662217
13.0625 0.66284
13.0703 0.66287
13.0781 0.663641
13.0859 0.66373
13.0938 0.664205
13.1016 0.66465
13.1094 0.665035
13.1172 0.665065
13.125 0.665569
13.1328 0.665688
13.1406 0.665955
13.1484 0.665984
13.1562 0.666607
13.1641 0.666637
13.1719 0.666874
13.1797 0.666993
13.1875 0.667557
13.1953 0.667586
13.2031 0.667913
13.2109 0.667972
13.2188 0.668535
13.2266 0.668654
13.2344 0.668921
13.2422 0.668951
13.25 0.669574
13.2578 0.670137
13.2656 0.670375
13.2734 0.670464
13.2812 0.670998
13.2891 0.671027
13.2969 0.671383
13.3047 0.671413
13.3125 0.671917
13.3203 0.672065
13.3281 0.672392
13.3359 0.672421
13.3438 0.673074
13.3516 0.673104
13.3594 0.673341
13.3672 0.67343
13.375 0.673964
13.3828 0.674023
13.3906 0.674379
13.3984 0.674409
13.4062 0.674913
13.4141 0.675002
13.4219 0.675269
13.4297 0.675329
13.4375 0.675951
13.4453 0.675981
13.4531 0.676248
13.4609 0.676367
13.4688 0.676871
13.4766 0.676901
13.4844 0.678058
13.4922 0.678087
13.5 0.678562
13.5078 0.678651
13.5156 0.678918
13.5234 0.678948
13.5312 0.679511
13.5391 0.6796
13.5469 0.679837
13.5547 0.679926
13.5625 0.68046
13.5703 0.68049
13.5781 0.680846
13.5859 0.680876
13.5938 0.68138
13.6016 0.681469
13.6094 0.681736
13.6172 0.681766
13.625 0.682389
13.6328 0.682418
13.6406 0.682656
13.6484 0.682745
13.6562 0.683278
13.6641 0.683308
13.6719 0.683664
13.6797 0.683694
13.6875 0.684228
13.6953 0.684317
13.7031 0.685118
13.7109 0.685147
13.7188 0.685711
13.7266 0.685741
13.7344 0.685978
13.7422 0.686126
13.75 0.68666
13.7578 0.68669
13.7656 0.687075
13.7734 0.687105
13.7812 0.687639
13.7891 0.687758
13.7969 0.688025
13.8047 0.688054
13.8125 0.689004
13.8203 0.689033
13.8281 0.689271
13.8359 0.689389
13.8438 0.689953
13.8516 0.689982
13.8594 0.690338
13.8672 0.690398
13.875 0.690902
13.8828 0.691021
13.8906 0.691288
13.8984 0.691317
13.9062 0.691911
13.9141 0.69194
13.9219 0.692178
13.9297 0.692296
13.9375 0.69283
13.9453 0.69286
13.9531 0.693216
13.9609 0.693246
13.9688 0.69375
13.9766 0.694195
13.9844 0.694491
13.9922 0.694521
14 0.695263
14.0078 0.695292
14.0156 0.69553
14.0234 0.695678
14.0312 0.696301
14.0391 0.696331
14.0469 0.696657
14.0547 0.696687
14.0625 0.69722
14.0703 0.697339
14.0781 0.697636
14.0859 0.697665
14.0938 0.698318
14.1016 0.698348
14.1094 0.698585
14.1172 0.698674
14.125 0.699327
14.1328 0.699356
14.1406 0.699742
14.1484 0.699772
14.1562 0.700276
14.1641 0.700395
14.1719 0.700662
14.1797 0.700691
14.1875 0.701373
14.1953 0.701433
14.2031 0.70164
14.2109 0.701729
14.2188 0.702263
14.2266 0.702293
14.2344 0.704696
14.2422 0.704725
14.25 0.705259
14.2578 0.705348
14.2656 0.705615
14.2734 0.705645
14.2812 0.706238
14.2891 0.706268
14.2969 0.706505
14.3047 0.706654
14.3125 0.707188
14.3203 0.707217
14.3281 0.707573
14.3359 0.707603
14.3438 0.708107
14.3516 0.708226
14.3594 0.708493
14.3672 0.708522
14.375 0.709234
14.3828 0.709264
14.3906 0.709501
14.3984 0.70962
14.4062 0.710124
14.4141 0.71048
14.4219 0.710807
14.4297 0.710836
14.4375 0.71137
14.4453 0.711489
14.4531 0.711756
14.4609 0.711785
14.4688 0.712438
14.4766 0.712468
14.4844 0.712705
14.4922 0.712824
14.5 0.714752
14.5078 0.714782
14.5156 0.715108
14.5234 0.715167
14.5312 0.715671
14.5391 0.71579
14.5469 0.716027
14.5547 0.716057
14.5625 0.71671
14.5703 0.716739
14.5781 0.717036
14.5859 0.717184
14.5938 0.717748
14.6016 0.717778
14.6094 0.718104
14.6172 0.718134
14.625 0.718638
14.6328 0.718845
14.6406 0.719083
14.6484 0.719112
14.6562 0.719735
14.6641 0.719765
14.6719 0.720002
14.6797 0.720121
14.6875 0.720685
14.6953 0.720714
14.7031 0.7211
14.7109 0.72113
14.7188 0.721723
14.7266 0.721842
14.7344 0.722109
14.7422 0.722138
14.75 0.722761
14.7578 0.722791
14.7656 0.723028
14.7734 0.723117
14.7812 0.723651
14.7891 0.723681
14.7969 0.724007
14.8047 0.724037
14.8125 0.724541
14.8203 0.72466
14.8281 0.724927
14.8359 0.724956
14.8438 0.725579
14.8516 0.725609
14.8594 0.725876
14.8672 0.726024
14.875 0.726528
14.8828 0.726558
14.8906 0.726914
14.8984 0.726944
14.9062 0.727448
14.9141 0.727567
14.9219 0.727834
14.9297 0.727863
14.9375 0.728486
14.9453 0.728516
14.9531 0.728753
14.9609 0.728872
14.9688 0.729406
14.9766 0.729435
14.9844 0.729791
14.9922 0.729821
15 0.730325
15.0078 0.730444
15.0156 0.730711
15.0234 0.730741
15.0312 0.731334
15.0391 0.731364
15.0469 0.731601
15.0547 0.73169
15.0625 0.732224
15.0703 0.732254
15.0781 0.73261
15.0859 0.732639
15.0938 0.733143
15.1016 0.733262
15.1094 0.733529
15.1172 0.733559
15.125 0.734478
15.1328 0.734508
15.1406 0.734745
15.1484 0.734864
15.1562 0.735398
15.1641 0.735428
15.1719 0.735813
15.1797 0.735843
15.1875 0.736377
15.1953 0.736466
15.2031 0.736733
15.2109 0.736762
15.2188 0.737385
15.2266 0.737415
15.2344 0.737652
15.2422 0.739729
15.25 0.740292
15.2578 0.740322
15.2656 0.740678
15.2734 0.740708
15.2812 0.741212
15.2891 0.74142
15.2969 0.741687
15.3047 0.741746
15.3125 0.742339
15.3203 0.742369
15.3281 0.742636
15.3359 0.742755
15.3438 0.743259
15.3516 0.743289
15.3594 0.743585
15.3672 0.743615
15.375 0.744178
15.3828 0.744297
15.3906 0.744683
15.3984 0.744712
15.4062 0.745306
15.4141 0.745335
15.4219 0.745573
15.4297 0.745662
15.4375 0.746225
15.4453 0.746255
15.4531 0.746611
15.4609 0.746641
15.4688 0.747115
15.4766 0.747264
15.4844 0.74756
15.4922 0.74759
15.5 0.748213
15.5078 0.748272
15.5156 0.748509
15.5234 0.748598
15.5312 0.749162
15.5391 0.749192
15.5469 0.749577
15.5547 0.749607
15.5625 0.750141
15.5703 0.75026
15.5781 0.750527
15.5859 0.750556
15.5938 0.751149
15.6016 0.751179
15.6094 0.751416
15.6172 0.751535
15.625 0.752128
15.6328 0.752158
15.6406 0.75287
15.6484 0.7529
15.6562 0.753404
15.6641 0.753552
15.6719 0.753819
15.6797 0.753849
15.6875 0.754442
15.6953 0.754472
15.7031 0.754709
15.7109 0.754828
15.7188 0.755421
15.7266 0.75548
15.7344 0.755807
15.7422 0.755836
15.75 0.75637
15.7578 0.756489
15.7656 0.756756
15.7734 0.756786
15.7812 0.757498
15.7891 0.757527
15.7969 0.757765
15.8047 0.757854
15.8125 0.758447
15.8203 0.758476
15.8281 0.758773
15.8359 0.758921
15.8438 0.759426
15.8516 0.759544
15.8594 0.759811
15.8672 0.759841
15.875 0.760523
15.8828 0.760553
15.8906 0.76079
15.8984 0.760909
15.9062 0.761443
15.9141 0.761473
15.9219 0.761858
15.9297 0.761888
15.9375 0.762422
15.9453 0.76254
15.9531 0.762807
15.9609 0.762837
15.9688 0.76346
15.9766 0.76349
15.9844 0.763727
15.9922 0.763905
16 0.764409
16.0078 0.764439
16.0156 0.764854
16.0234 0.764884
16.0312 0.765388
16.0391 0.765507
16.0469 0.765744
16.0547 0.765774
16.0625 0.766426
16.0703 0.766456
16.0781 0.766723
16.0859 0.766812
16.0938 0.767316
16.1016 0.767346
16.1094 0.767732
16.1172 0.767761
16.125 0.768414
16.1328 0.768592
16.1406 0.768829
16.1484 0.768859
16.1562 0.769452
16.1641 0.769482
16.1719 0.769719
16.1797 0.769838
16.1875 0.770372
16.1953 0.770401
16.2031 0.770757
16.2109 0.770787
16.2188 0.771321
16.2266 0.77144
16.2344 0.771677
16.2422 0.771707
16.25 0.772359
16.2578 0.772389
16.2656 0.772626
16.2734 0.77313
16.2812 0.773635
16.2891 0.773694
16.2969 0.77402
16.3047 0.77405
16.3125 0.774614
16.3203 0.774732
16.3281 0.77497
16.3359 0.774999
16.3438 0.775593
16.3516 0.775622
16.3594 0.77586
16.3672 0.776008
16.375 0.776542
16.3828 0.776571
16.3906 0.776927
16.3984 0.776957
16.4062 0.777461
16.4141 0.77761
16.4219 0.777877
16.4297 0.777906
16.4375 0.778856
16.4453 0.778885
16.4531 0.779123
16.4609 0.779212
16.4688 0.779716
16.4766 0.779745
16.4844 0.780131
16.4922 0.780161
16.5 0.780695
16.5078 0.780813
16.5156 0.781051
16.5234 0.782979
16.5312 0.783602
16.5391 0.783631
16.5469 0.783869
16.5547 0.784076
16.5625 0.784581
16.5703 0.78461
16.5781 0.784966
16.5859 0.784996
16.5938 0.7855
16.6016 0.785589
16.6094 0.785827
16.6172 0.785856
16.625 0.78645
16.6328 0.786479
16.6406 0.786717
16.6484 0.786835
16.6562 0.787339
16.6641 0.787369
16.6719 0.787695
16.6797 0.787725
16.6875 0.788259
16.6953 0.788378
16.7031 0.788615
16.7109 0.788645
16.7188 0.789208
16.7266 0.789238
16.7344 0.789475
16.7422 0.789594
16.75 0.790128
16.7578 0.790158
16.7656 0.790513
16.7734 0.790543
16.7812 0.791047
16.7891 0.791136
16.7969 0.793332
16.8047 0.793361
16.8125 0.794073
16.8203 0.794103
16.8281 0.79434
16.8359 0.794429
16.8438 0.794963
16.8516 0.794993
16.8594 0.795319
16.8672 0.795378
16.875 0.795942
16.8828 0.796061
16.8906 0.796298
16.8984 0.796328
16.9062 0.796951
16.9141 0.79698
16.9219 0.797218
16.9297 0.797396
16.9375 0.798256
16.9453 0.798285
16.9531 0.798641
16.9609 0.798671
16.9688 0.799175
16.9766 0.799294
16.9844 0.799531
16.9922 0.799591
17 0.800154
17.0078 0.800184
17.0156 0.800421
17.0234 0.80054
17.0312 0.801074
17.0391 0.801103
17.0469 0.801519
17.0547 0.801578
17.0625 0.802112
17.0703 0.802231
17.0781 0.802468
17.0859 0.802498
17.0938 0.803121
17.1016 0.80315
17.1094 0.803388
17.1172 0.803506
17.125 0.80404
17.1328 0.80407
17.1406 0.804456
17.1484 0.804485
17.1562 0.80496
17.1641 0.805049
17.1719 0.805286
17.1797 0.805316
17.1875 0.805909
17.1953 0.805939
17.2031 0.806206
17.2109 0.806324
17.2188 0.806829
17.2266 0.806858
17.2344 0.810151
17.2422 0.810181
17.25 0.810685
17.2578 0.810804
17.2656 0.811041
17.2734 0.811071
17.2812 0.811634
17.2891 0.811664
17.2969 0.811901
17.3047 0.81202
17.3125 0.812583
17.3203 0.812613
17.3281 0.812969
17.3359 0.812999
17.3438 0.813503
17.3516 0.813592
17.3594 0.813859
17.3672 0.813889
17.375 0.814512
17.3828 0.814571
17.3906 0.814808
17.3984 0.814927
17.4062 0.815461
17.4141 0.81549
17.4219 0.815817
17.4297 0.815846
17.4375 0.816677
17.4453 0.816796
17.4531 0.817033
17.4609 0.817092
17.4688 0.817715
17.4766 0.817745
17.4844 0.817982
17.4922 0.818101
17.5 0.818665
17.5078 0.818694
17.5156 0.81908
17.5234 0.819109
17.5312 0.819584
17.5391 0.819703
17.5469 0.81994
17.5547 0.81997
17.5625 0.820563
17.5703 0.820593
17.5781 0.82083
17.5859 0.821008
17.5938 0.821542
17.6016 0.821572
17.6094 0.821987
17.6172 0.822017
17.625 0.822551
17.6328 0.822639
17.6406 0.822906
17.6484 0.822936
17.6562 0.823529
17.6641 0.823559
17.6719 0.823796
17.6797 0.823945
17.6875 0.824508
17.6953 0.824538
17.7031 0.824864
17.7109 0.824894
17.7188 0.825398
17.7266 0.825517
17.7344 0.825754
17.7422 0.825784
17.75 0.826377
17.7578 0.826407
17.7656 0.826644
17.7734 0.826763
17.7812 0.827267
17.7891 0.827297
17.7969 0.827593
17.8047 0.827623
17.8125 0.828157
17.8203 0.828246
17.8281 0.828483
17.8359 0.828513
17.8438 0.829106
17.8516 0.829136
17.8594 0.829373
17.8672 0.829462
17.875 0.829966
17.8828 0.829996
17.8906 0.830382
17.8984 0.830441
17.9062 0.830975
17.9141 0.831123
17.9219 0.831361
17.9297 0.83142
17.9375 0.832073
17.9453 0.832102
17.9531 0.83234
17.9609 0.832518
17.9688 0.832992
17.9766 0.833022
17.9844 0.833319
17.9922 0.833348
18 0.833852
18.0078 0.833971
18.0156 0.834208
18.0234 0.834238
18.0312 0.834831
18.0391 0.834861
18.0469 0.835098
18.0547 0.835217
18.0625 0.835781
18.0703 0.83581
18.0781 0.836166
18.0859 0.836226
18.0938 0.83673
18.1016 0.836849
18.1094 0.837086
18.1172 0.837115
18.125 0.837738
18.1328 0.837768
18.1406 0.838005
18.1484 0.838124
18.1562 0.838628
18.1641 0.838658
18.1719 0.839044
18.1797 0.839073
18.1875 0.839637
18.1953 0.839756
18.2031 0.839993
18.2109 0.840023
18.2188 0.840675
18.2266 0.840705
18.2344 0.840942
18.2422 0.843404
18.25 0.843909
18.2578 0.843938
18.2656 0.844294
18.2734 0.844324
18.2812 0.844858
18.2891 0.844947
18.2969 0.845214
18.3047 0.845243
18.3125 0.845866
18.3203 0.845926
18.3281 0.846163
18.3359 0.846282
18.3438 0.846786
18.3516 0.846816
18.3594 0.847142
18.3672 0.847172
18.375 0.847765
18.3828 0.847883
18.3906 0.848121
18.3984 0.84815
18.4062 0.850791
18.4141 0.85082
18.4219 0.851058
18.4297 0.851176
18.4375 0.851769
18.4453 0.851799
18.4531 0.852155
18.4609 0.852185
18.4688 0.852689
18.4766 0.852808
18.4844 0.853075
18.4922 0.853104
18.5 0.853787
18.5078 0.853816
18.5156 0.854113
18.5234 0.854202
18.5312 0.854825
18.5391 0.854854
18.5469 0.85521
18.5547 0.85524
18.5625 0.855774
18.5703 0.855893
18.5781 0.85613
18.5859 0.85616
18.5938 0.856783
18.6016 0.856812
18.6094 0.85705
18.6172 0.857139
18.625 0.857673
18.6328 0.857702
18.6406 0.858029
18.6484 0.858058
18.6562 0.858562
18.6641 0.858681
18.6719 0.858918
18.6797 0.858948
18.6875 0.859571
18.6953 0.859601
18.7031 0.859868
18.7109 0.860016
18.7188 0.86052
18.7266 0.86055
18.7344 0.860906
18.7422 0.860936
18.75 0.861529
18.7578 0.862033
18.7656 0.8623
18.7734 0.86233
18.7812 0.862923
18.7891 0.862982
18.7969 0.86322
18.8047 0.863338
18.8125 0.863902
18.8203 0.863932
18.8281 0.864347
18.8359 0.864377
18.8438 0.864911
18.8516 0.865029
18.8594 0.865296
18.8672 0.865356
18.875 0.866453
18.8828 0.866483
18.8906 0.86672
18.8984 0.866839
18.9062 0.867402
18.9141 0.867432
18.9219 0.867788
18.9297 0.867818
18.9375 0.868322
18.9453 0.86847
18.9531 0.868767
18.9609 0.868856
18.9688 0.869479
18.9766 0.869508
18.9844 0.869746
18.9922 0.869835
19 0.870369
19.0078 0.870398
19.0156 0.870754
19.0234 0.870784
19.0312 0.871288
19.0391 0.871377
19.0469 0.871644
19.0547 0.871674
19.0625 0.874403
19.0703 0.874462
19.0781 0.875234
19.0859 0.875352
19.0938 0.875886
19.1016 0.875916
19.1094 0.876272
19.1172 0.876302
19.125 0.876806
19.1328 0.876924
19.1406 0.877251
19.1484 0.87728
19.1562 0.877903
19.1641 0.877933
19.1719 0.87817
19.1797 0.878319
19.1875 0.878853
19.1953 0.878882
19.2031 0.879268
19.2109 0.879298
19.2188 0.879861
19.2266 0.87998
19.2344 0.880217
19.2422 0.880247
19.25 0.880899
19.2578 0.880959
19.2656 0.881226
19.2734 0.881374
19.2812 0.881938
19.2891 0.881967
19.2969 0.882323
19.3047 0.882353
19.3125 0.882917
19.3203 0.883035
19.3281 0.883302
19.3359 0.883332
19.3438 0.884014
19.3516 0.884044
19.3594 0.884311
19.3672 0.8844
19.375 0.884993
19.3828 0.885023
19.3906 0.887277
19.3984 0.887307
19.4062 0.887781
19.4141 0.8879
19.4219 0.888137
19.4297 0.888167
19.4375 0.888879
19.4453 0.888938
19.4531 0.889235
19.4609 0.889324
19.4688 0.889858
19.4766 0.889888
19.4844 0.890214
19.4922 0.890244
19.5 0.890777
19.5078 0.890985
19.5156 0.891222
19.5234 0.891252
19.5312 0.891905
19.5391 0.891934
19.5469 0.892201
19.5547 0.89232
19.5625 0.892824
19.5703 0.892943
19.5781 0.893269
19.5859 0.893299
19.5938 0.893833
19.6016 0.893952
19.6094 0.894219
19.6172 0.894278
19.625 0.89496
19.6328 0.89499
19.6406 0.895257
19.6484 0.895375
19.6562 0.89588
19.6641 0.895939
19.6719 0.896384
19.6797 0.896414
19.6875 0.896948
19.6953 0.897066
19.7031 0.897333
19.7109 0.897363
19.7188 0.898045
19.7266 0.898104
19.7344 0.898342
19.7422 0.89846
19.75 0.899024
19.7578 0.899054
19.7656 0.89938
19.7734 0.89941
19.7812 0.899914
19.7891 0.900389
19.7969 0.900656
19.8047 0.900715
19.8125 0.901397
19.8203 0.901427
19.8281 0.901694
19.8359 0.901812
19.8438 0.902346
19.8516 0.902376
19.8594 0.902762
19.8672 0.902791
19.875 0.903325
19.8828 0.903444
19.8906 0.903711
19.8984 0.903741
19.9062 0.904393
19.9141 0.904423
19.9219 0.90472
19.9297 0.904868
19.9375 0.906292
19.9453 0.906321
19.9531 0.906677
19.9609 0.906766
19.9688 0.9073
19.9766 0.907419
19.9844 0.907686
19.9922 0.907716
20.0312 0.907745
20.0469 0.907775
20.0938 0.907805
20.1484 0.907834
20.1719 0.907864
20.2812 0.90819
20.2969 0.90822
20.375 0.90825
20.4766 0.908279
20.4844 0.908339
20.5938 0.908368
20.6406 0.908398
20.6562 0.908428
20.7031 0.908457
20.7188 0.908487
20.7344 0.908546
20.7734 0.908576
20.875 0.910445
20.8906 0.910474
20.9844 0.911008
21 0.911038
21.0312 0.912907
21.1094 0.912936
21.1641 0.912966
21.1875 0.913085
21.2188 0.913114
21.25 0.913144
21.3438 0.913174
21.5 0.913203
21.5078 0.913233
21.5938 0.913263
21.625 0.913292
21.7188 0.913322
21.7422 0.913352
21.7656 0.913381
21.8125 0.913441
21.8516 0.9135
21.9062 0.915547
21.9375 0.915577
21.9688 0.915636
22 0.915666
22.1875 0.915695
22.1953 0.915755
22.2812 0.915784
22.3125 0.915814
22.3594 0.915843
22.375 0.917742
22.3906 0.917772
22.625 0.918632
22.6719 0.918662
22.7109 0.918721
22.7422 0.918751
22.75 0.91878
22.7969 0.91881
22.9219 0.918929
22.9375 0.918958
22.9844 0.918988
23.0547 0.919018
23.0781 0.919047
23.25 0.919077
23.3281 0.919136
23.4062 0.920975
23.5 0.921005
23.5156 0.921035
23.5312 0.921064
23.5703 0.921094
23.6562 0.921124
23.6875 0.923022
23.7422 0.924891
23.7656 0.92501
23.8359 0.925069
23.875 0.925099
23.9062 0.925128
23.9375 0.927027
24.0156 0.928896
24.125 0.928925
24.2422 0.929815
24.25 0.929875
24.4688 0.929904
24.4766 0.929964
24.5469 0.929993
24.6172 0.930112
24.8516 0.930141
24.8828 0.930171
24.9688 0.93207
25 0.932129
25.0547 0.932159
25.125 0.932188
25.2031 0.932218
25.25 0.932277
25.3125 0.932337
25.3203 0.934205
25.3594 0.934561
25.4609 0.93465
25.4844 0.93468
25.5 0.93471
25.5625 0.934739
25.6641 0.934769
25.9688 0.935629
26.2188 0.935956
26.25 0.935985
26.3594 0.936015
26.375 0.936045
26.5 0.93649
26.5781 0.936519
26.6562 0.936549
26.7031 0.936579
26.7266 0.936608
26.7812 0.936638
26.7891 0.936668
26.8125 0.936697
26.9766 0.936727
27.125 0.936757
27.1562 0.936786
27.25 0.936816
27.3438 0.936846
27.4922 0.936905
27.625 0.936935
27.6641 0.936964
27.9688 0.936994
28 0.937053
28.0547 0.937083
28.3438 0.937113
28.3672 0.937172
28.375 0.937231
28.7422 0.93732
28.75 0.937379
28.8906 0.937409
28.9609 0.937439
29.125 0.937468
29.3047 0.937528
29.375 0.937557
29.3984 0.937587
29.4844 0.937646
29.5938 0.937676
29.6328 0.937765
29.7031 0.937795
29.7812 0.937824
29.8672 0.937854
29.875 0.937913
30.4688 0.937943
30.5469 0.937973
30.8125 0.938002
31 0.938062
31.25 0.938091
31.2969 0.938121
31.3125 0.938151
31.3203 0.93818
31.4219 0.93821
31.4531 0.93824
31.5625 0.940198
32 0.940227
32.125 0.940257
32.4375 0.940316
32.6875 0.940346
32.9688 0.940376
33.0391 0.940405
33.1094 0.940435
33.125 0.940494
33.25 0.940583
33.2656 0.940613
33.3203 0.940643
33.4297 0.941503
33.5 0.94352
33.6875 0.94355
33.7266 0.943579
33.75 0.943609
33.9688 0.943639
34 0.943668
34.0625 0.943698
34.1719 0.943728
34.1875 0.943757
34.375 0.943787
34.7969 0.945834
34.8125 0.945863
35.0625 0.945893
35.1719 0.945923
35.4688 0.945982
35.5 0.946012
35.625 0.946041
35.7812 0.946071
35.7891 0.946397
35.9375 0.946427
35.9609 0.946457
35.9688 0.946486
36 0.946546
36.1406 0.946605
36.1719 0.946635
36.5 0.946664
36.7812 0.948503
37 0.948533
37.125 0.948563
37.4375 0.948592
37.5156 0.948622
37.6016 0.950669
37.625 0.950699
37.6484 0.950728
37.7969 0.950758
38 0.950817
38.0234 0.950847
38.1719 0.950906
38.3125 0.950936
38.4219 0.951262
38.6875 0.951292
38.8125 0.951322
38.8438 0.951351
39 0.951381
39.1562 0.951411
39.1953 0.95147
39.25 0.9515
39.4062 0.951855
39.4375 0.951885
39.8594 0.951974
39.8984 0.952508
40 0.952627
40.0938 0.952656
40.3594 0.952686
40.5625 0.952775
40.8828 0.952805
40.9219 0.952834
41.0312 0.952864
41.125 0.952894
41.375 0.952923
41.4219 0.952953
41.5 0.952983
41.7188 0.953012
41.7344 0.953042
41.75 0.953072
41.7812 0.953101
41.8672 0.95319
41.9688 0.95322
42.0938 0.95325
42.1562 0.953279
42.4375 0.953339
42.4453 0.953368
42.5547 0.953398
42.7109 0.953428
42.9688 0.953457
43 0.953487
43.0078 0.953517
43.1328 0.955356
43.1875 0.955385
43.375 0.955415
43.5 0.955474
43.5781 0.955504
43.6016 0.955534
44 0.955593
44.1406 0.955623
44.3281 0.955652
44.5 0.95761
44.625 0.95764
44.6875 0.95767
44.8203 0.957699
44.9375 0.957759
44.9453 0.957788
45 0.957818
45.0469 0.957848
45.25 0.957877
45.2734 0.957907
45.4062 0.957937
45.4844 0.957966
45.5 0.957996
45.7031 0.958026
45.9688 0.958055
46.0234 0.958085
46.625 0.958115
46.9219 0.958144
46.9688 0.958174
47.0469 0.958204
47.3125 0.958233
47.3594 0.958263
47.4844 0.958293
47.5078 0.958322
47.5938 0.958352
48.0938 0.958382
48.1562 0.958411
48.2031 0.958441
48.6172 0.9585
49 0.95856
49.2812 0.958619
49.5625 0.959212
49.625 0.959242
49.7031 0.959271
49.9375 0.959331
50 0.95936
50.0312 0.95942
50.0625 0.959449
50.0938 0.959479
50.1719 0.959509
50.3125 0.959568
50.5 0.959598
50.7109 0.959627
51.25 0.959657
51.8906 0.959687
52.2812 0.959716
52.375 0.959746
52.5 0.959776
52.75 0.959805
52.875 0.959835
52.8906 0.959865
53.2031 0.959894
53.5 0.959924
53.6719 0.959954
53.8438 0.959983
54 0.960043
54.3125 0.960072
54.3359 0.960102
54.4688 0.960132
54.5 0.960161
54.625 0.960191
55.1875 0.960221
55.6562 0.96025
56.25 0.96028
56.4062 0.96031
56.6016 0.960339
56.8125 0.960369
57.5469 0.960399
57.5938 0.960428
57.7344 0.960458
57.9062 0.960488
57.9609 0.960517
58 0.960577
58.5 0.960606
58.5625 0.960636
58.6875 0.960666
59.0938 0.960695
59.4688 0.960755
60 0.960814
60.5312 0.960844
60.5781 0.960873
61.1562 0.960903
61.375 0.960962
61.75 0.960992
62 0.961022
62.5 0.961051
62.9375 0.961081
63.3594 0.961111
63.375 0.96117
63.5 0.9612
64.375 0.961259
64.9375 0.961289
65.4062 0.961318
65.6875 0.961348
65.75 0.961378
66 0.961407
66.5625 0.961437
67.25 0.961467
67.2812 0.961496
67.4375 0.961526
68.4219 0.961556
68.4531 0.961585
68.5 0.961615
68.5469 0.961645
68.8125 0.961674
69 0.961704
69.625 0.961734
69.875 0.961763
70 0.961793
70.5 0.961823
70.75 0.961852
70.8438 0.961912
70.875 0.961941
71.5 0.961971
71.8125 0.962001
73.4688 0.96203
73.875 0.96206
73.8906 0.96209
74.2812 0.962119
74.3125 0.962268
74.6562 0.962297
74.7188 0.962327
74.875 0.962357
75.25 0.962386
75.9062 0.962416
76 0.962445
76.1875 0.962505
76.5 0.962534
76.6562 0.964403
78.2188 0.964433
78.3125 0.964463
79 0.964522
79.0938 0.966391
79.25 0.96642
80.7812 0.96645
81.6875 0.96648
83.0625 0.966539
84.625 0.966569
84.6562 0.966598
85 0.966628
85.25 0.966687
85.375 0.966717
87.375 0.966776
87.5312 0.966806
87.875 0.966865
88 0.966895
88.9062 0.966925
89.125 0.966954
89.3125 0.966984
90.25 0.967014
90.625 0.967073
91.5 0.967103
91.75 0.967132
92.5 0.967162
93.0625 0.967192
93.25 0.967221
93.375 0.967251
93.6875 0.967281
93.7188 0.96731
94.625 0.96734
94.7031 0.9682
96 0.96823
96.4375 0.96826
96.8125 0.968289
97 0.968319
97.0312 0.968349
97.6562 0.968378
97.75 0.968467
97.8125 0.968497
98.125 0.968527
98.5 0.968556
98.9375 0.968586
99 0.968616
99.25 0.968645
99.8125 0.968675
100.25 0.968705
101.031 0.968734
101.094 0.968764
101.844 0.968794
102 0.969209
102.719 0.969239
103.75 0.969268
104.125 0.969357
104.828 0.969417
106.375 0.969446
106.531 0.969476
106.688 0.969506
107.062 0.969535
107.312 0.969565
107.5 0.969594
108 0.969624
108.062 0.969654
108.5 0.969683
108.688 0.971641
109.5 0.971671
110.875 0.971701
111.031 0.97354
111.312 0.973569
112 0.973599
112.062 0.973629
112.5 0.973658
113.688 0.973688
113.969 0.973718
115 0.973747
115.375 0.973777
115.406 0.973807
116.5 0.973836
117.156 0.973866
117.5 0.973896
117.75 0.973925
118.625 0.973955
119.281 0.973985
121.188 0.974845
122.125 0.974875
122.594 0.974904
123 0.974934
123.062 0.974964
126.344 0.974993
126.719 0.975023
130 0.975082
130.562 0.975142
130.75 0.975171
133 0.975201
133.938 0.97526
134.375 0.97529
134.625 0.97532
134.812 0.975349
135.219 0.975379
135.625 0.975409
136 0.977455
138.406 0.977485
139 0.977515
139.938 0.977544
140.688 0.977633
140.812 0.977663
142.75 0.977693
143.5 0.977722
144 0.977752
145 0.977811
145.75 0.977871
146.5 0.9779
147.438 0.97793
147.688 0.97796
147.75 0.977989
148.375 0.978019
149.125 0.978078
149.25 0.978108
149.5 0.978138
149.75 0.978167
150.812 0.978197
151 0.978227
152.312 0.978256
152.438 0.978286
152.75 0.978316
153.375 0.978345
155.562 0.978405
155.938 0.978434
156.625 0.978464
160.688 0.978494
161.5 0.978523
162.438 0.978553
163.5 0.978583
164.781 0.978612
164.938 0.978701
169 0.978761
169.375 0.97882
171.062 0.97885
171.438 0.978879
174.312 0.978909
175.5 0.978939
175.875 0.978968
177.812 0.978998
178.375 0.979057
179.5 0.979087
179.75 0.979117
179.781 0.979651
180.25 0.97968
182.125 0.97971
183.688 0.981757
184 0.981816
185.25 0.981846
186 0.981875
187.75 0.981905
189 0.981935
189.5 0.981964
190.469 0.981994
191.5 0.982053
193.875 0.982083
196.188 0.982113
197.219 0.982142
201.656 0.982231
204.688 0.982261
205.5 0.982291
206.125 0.98235
206.5 0.98238
207.906 0.982409
208 0.982439
210 0.982469
211 0.982795
211.188 0.982825
211.375 0.982854
211.812 0.982884
213.344 0.982914
214 0.982943
215 0.983003
215.375 0.983032
215.438 0.983062
219.156 0.983092
220 0.983121
221.312 0.983151
224 0.983181
231.062 0.985138
236.75 0.985168
237 0.985198
237.75 0.985227
238 0.985257
238.375 0.985287
240 0.985316
242.312 0.985346
245.5 0.985376
248 0.985405
249.312 0.985465
250.375 0.985494
252.5 0.985524
253 0.985554
253.375 0.986088
259.938 0.986117
268 0.986177
270 0.986206
272 0.986266
275.688 0.986325
280 0.986355
281.75 0.986384
288.625 0.986414
289 0.986444
290.75 0.986473
295.5 0.986503
296.125 0.986533
298.5 0.986562
299.75 0.986592
301.5 0.986622
314.5 0.986651
317.688 0.98849
320 0.98852
324 0.98855
324.312 0.988579
325.562 0.98944
331 0.989469
340 0.989529
341.5 0.989885
344.75 0.989914
352 0.991813
357.5 0.991842
358 0.991872
360.25 0.991902
364 0.991961
382 0.991991
386.812 0.992317
392 0.992376
418.375 0.992406
422.5 0.992436
442 0.992495
445.75 0.992525
446.25 0.992554
447.25 0.992584
455.312 0.992614
460 0.992643
460.75 0.992673
466 0.992732
469.375 0.992762
478.688 0.992821
520 0.992851
521.75 0.992881
530.5 0.99291
536 0.99294
552 0.99297
562.25 0.992999
578.75 0.993029
580 0.993059
588.5 0.993088
596 0.993118
626.5 0.993148
628 0.993177
684 0.995135
691.5 0.995165
716 0.995224
716.5 0.995283
724 0.997123
748 0.997508
783 0.997538
793.75 0.997568
804 0.997627
812.5 0.997657
825.75 0.997686
832 0.997716
844 0.998517
849.5 0.998546
855.875 0.998576
868 0.998606
868.5 0.998635
886 0.998665
895.25 0.998695
912 0.998724
924 0.998754
952 0.998813
956 0.998843
961.125 0.998873
968 0.998902
973 0.998932
976 0.998962
984 0.998991
1011 0.999021
1020.5 0.999051
1027 0.99908
1034.75 0.99911
1067.75 0.99914
1079.25 0.999169
1093 0.999199
1106.5 0.999229
1124 0.999258
1125 0.999288
1129 0.999318
1134.5 0.999347
1138 0.999377
1142.5 0.999407
1148 0.999436
1184 0.999466
1201 0.999496
1351.5 0.999525
1361.5 0.999555
1499.75 0.999614
1522 0.999644
1541 0.999674
1556.5 0.999703
1585.25 0.999733
1609.5 0.999763
1671.25 0.999792
1678.5 0.999822
2044 0.999852
4468 0.999911
4560 0.999941
15556 1
