0.0078125 0.000118543
0.015625 0.00056308
0.0234375 0.00077053
0.03125 0.0016596
0.0390625 0.00171888
0.046875 0.00228195
0.0546875 0.00237086
0.0625 0.0032303
0.0703125 0.00340811
0.078125 0.00382302
0.0859375 0.00385265
0.09375 0.00486027
0.101562 0.00494917
0.109375 0.00539371
0.117188 0.00554189
0.125 0.00643096
0.132812 0.00649024
0.140625 0.00699404
0.148438 0.00708295
0.15625 0.00797202
0.164062 0.00814984
0.171875 0.00862401
0.179688 0.00868328
0.1875 0.00966126
0.195312 0.00975017
0.203125 0.0101947
0.210938 0.0103429
0.21875 0.0112616
0.226562 0.0113209
0.234375 0.0118543
0.242188 0.0119432
0.25 0.0128323
0.257812 0.0129805
0.265625 0.013425
0.273438 0.0134843
0.28125 0.0144919
0.289062 0.0145808
0.296875 0.0149957
0.304688 0.0151142
0.3125 0.0160626
0.320312 0.0161219
0.328125 0.0166257
0.335938 0.0167146
0.34375 0.017574
0.351562 0.0177222
0.359375 0.018226
0.367188 0.0182853
0.375 0.0192633
0.382812 0.0193522
0.390625 0.0197967
0.398438 0.0199745
0.40625 0.0208636
0.414062 0.0209525
0.421875 0.0214563
0.429688 0.0215452
0.4375 0.0224936
0.445312 0.0226714
0.453125 0.0231455
0.460938 0.0232048
0.46875 0.0242124
0.476562 0.0243013
0.484375 0.0247459
0.492188 0.0249533
0.5 0.0258424
0.507812 0.0259017
0.515625 0.0264351
0.523438 0.0265537
0.53125 0.0273835
0.539062 0.0275613
0.546875 0.0280058
0.554688 0.0280651
0.5625 0.0290431
0.570312 0.029132
0.578125 0.0295765
0.585938 0.0297543
0.59375 0.030673
0.601562 0.0307323
0.609375 0.0312954
0.617188 0.0313843
0.625 0.0323623
0.632812 0.0325104
0.640625 0.032955
0.648438 0.0330143
0.65625 0.0339922
0.664062 0.0340811
0.671875 0.0345257
0.679688 0.0346739
0.6875 0.0355629
0.695312 0.0356222
0.703125 0.0361853
0.710938 0.0362742
0.71875 0.0371633
0.726562 0.0373114
0.734375 0.037756
0.742188 0.0378449
0.75 0.0388525
0.757812 0.0389414
0.765625 0.0393859
0.773438 0.0395341
0.78125 0.0404232
0.789062 0.0405121
0.796875 0.0410456
0.804688 0.0411345
0.8125 0.0419939
0.820312 0.0421421
0.828125 0.0425866
0.835938 0.0426459
0.84375 0.0436535
0.851562 0.043772
0.859375 0.0442166
0.867188 0.0443648
0.875 0.0453131
0.882812 0.0453724
0.890625 0.0459058
0.898438 0.0459947
0.90625 0.0469134
0.914062 0.0470912
0.921875 0.0475654
0.929688 0.0476247
0.9375 0.048573
0.945312 0.0486619
0.953125 0.0490768
0.960938 0.0491954
0.96875 0.0500845
0.976562 0.0501437
0.984375 0.0507364
0.992188 0.0508254
1 0.0517441
1.00781 0.0518922
1.01562 0.0523368
1.02344 0.0524257
1.03125 0.053374
1.03906 0.0534333
1.04688 0.0538778
1.05469 0.054026
1.0625 0.0549447
1.07031 0.0550336
1.07812 0.0555671
1.08594 0.055656
1.09375 0.0565154
1.10156 0.0566636
1.10938 0.0571081
1.11719 0.0571674
1.125 0.0581158
1.13281 0.0582047
1.14062 0.0586788
1.14844 0.0588567
1.15625 0.0597161
1.16406 0.0597754
1.17188 0.0602792
1.17969 0.0603681
1.1875 0.0613164
1.19531 0.0614942
1.20312 0.0619388
1.21094 0.061998
1.21875 0.0629464
1.22656 0.0630649
1.23438 0.0635095
1.24219 0.0636873
1.25 0.0645764
1.25781 0.0646949
1.26562 0.0652283
1.27344 0.0653173
1.28125 0.066236
1.28906 0.0664138
1.29688 0.0668583
1.30469 0.0669176
1.3125 0.0679548
1.32031 0.0680437
1.32812 0.0684883
1.33594 0.0686957
1.34375 0.0695552
1.35156 0.0696144
1.35938 0.0700886
1.36719 0.0701775
1.375 0.0710666
1.38281 0.0712444
1.39062 0.0716889
1.39844 0.0717482
1.40625 0.0727855
1.41406 0.072904
1.42188 0.0733782
1.42969 0.073556
1.4375 0.0744451
1.44531 0.0745043
1.45312 0.0750674
1.46094 0.0751563
1.46875 0.0760454
1.47656 0.0761639
1.48438 0.0766085
1.49219 0.0766974
1.5 0.0777643
1.50781 0.0778532
1.51562 0.0782977
1.52344 0.0784755
1.53125 0.0793942
1.53906 0.0794535
1.54688 0.0800462
1.55469 0.0801351
1.5625 0.0810242
1.57031 0.0812317
1.57812 0.0816762
1.58594 0.0817355
1.59375 0.0827135
1.60156 0.0828024
1.60938 0.0833062
1.61719 0.0835136
1.625 0.0844323
1.63281 0.0844916
1.64062 0.0849954
1.64844 0.0850843
1.65625 0.0860327
1.66406 0.0862105
1.67188 0.086655
1.67969 0.0867143
1.6875 0.0876626
1.69531 0.0877515
1.70312 0.0881961
1.71094 0.0883442
1.71875 0.0892333
1.72656 0.0892926
1.73438 0.0898557
1.74219 0.0899446
1.75 0.0908633
1.75781 0.0910411
1.76562 0.0915153
1.77344 0.0915745
1.78125 0.0925822
1.78906 0.09276
1.79688 0.0932045
1.80469 0.0933823
1.8125 0.0942714
1.82031 0.0943307
1.82812 0.0948345
1.83594 0.0949234
1.84375 0.0957828
1.85156 0.0959606
1.85938 0.0964052
1.86719 0.0964645
1.875 0.0974128
1.88281 0.097561
1.89062 0.0980055
1.89844 0.0981833
1.90625 0.099102
1.91406 0.0991909
1.92188 0.0997244
1.92969 0.0998133
1.9375 0.100702
1.94531 0.10088
1.95312 0.101325
1.96094 0.101384
1.96875 0.102421
1.97656 0.10251
1.98438 0.102955
1.99219 0.103133
2 0.104081
2.00781 0.10417
2.01562 0.104792
2.02344 0.104881
2.03125 0.10574
2.03906 0.105918
2.04688 0.106392
2.05469 0.106452
2.0625 0.1074
2.07031 0.107519
2.07812 0.107993
2.08594 0.108141
2.09375 0.109
2.10156 0.10906
2.10938 0.109682
2.11719 0.109801
2.125 0.110779
2.13281 0.111312
2.14062 0.111727
2.14844 0.111786
2.15625 0.112853
2.16406 0.112942
2.17188 0.113386
2.17969 0.113535
2.1875 0.114453
2.19531 0.114542
2.20312 0.115076
2.21094 0.115194
2.21875 0.116054
2.22656 0.116232
2.23438 0.116735
2.24219 0.116795
2.25 0.117773
2.25781 0.117921
2.26562 0.118365
2.27344 0.118632
2.28125 0.11961
2.28906 0.119699
2.29688 0.120262
2.30469 0.120351
2.3125 0.121299
2.32031 0.121477
2.32812 0.12204
2.33594 0.122099
2.34375 0.123137
2.35156 0.123226
2.35938 0.12367
2.36719 0.123818
2.375 0.124737
2.38281 0.124826
2.39062 0.125389
2.39844 0.125478
2.40625 0.126397
2.41406 0.126545
2.42188 0.129242
2.42969 0.129301
2.4375 0.130368
2.44531 0.130457
2.45312 0.130901
2.46094 0.131079
2.46875 0.131968
2.47656 0.132027
2.48438 0.13262
2.49219 0.132739
2.5 0.133657
2.50781 0.133806
2.51562 0.13425
2.52344 0.134309
2.53125 0.135287
2.53906 0.135376
2.54688 0.13585
2.55469 0.136028
2.5625 0.136947
2.57031 0.137006
2.57812 0.137569
2.58594 0.137688
2.59375 0.138607
2.60156 0.138784
2.60938 0.139229
2.61719 0.139288
2.625 0.140266
2.63281 0.140444
2.64062 0.140888
2.64844 0.141066
2.65625 0.142044
2.66406 0.142104
2.67188 0.142726
2.67969 0.142844
2.6875 0.143763
2.69531 0.143941
2.70312 0.144415
2.71094 0.144504
2.71875 0.145452
2.72656 0.145541
2.73438 0.145986
2.74219 0.146253
2.75 0.147231
2.75781 0.14729
2.76562 0.147853
2.77344 0.147971
2.78125 0.148949
2.78906 0.149127
2.79688 0.149631
2.80469 0.14969
2.8125 0.150728
2.82031 0.153158
2.82812 0.153602
2.83594 0.15375
2.84375 0.154669
2.85156 0.154728
2.85938 0.155291
2.86719 0.155469
2.875 0.156418
2.88281 0.156566
2.89062 0.15701
2.89844 0.157099
2.90625 0.158107
2.91406 0.158196
2.92188 0.15864
2.92969 0.158937
2.9375 0.159885
2.94531 0.159944
2.95312 0.160626
2.96094 0.160715
2.96875 0.161663
2.97656 0.161811
2.98438 0.162286
2.99219 0.162374
3 0.163352
3.00781 0.163471
3.01562 0.163975
3.02344 0.164123
3.03125 0.165101
3.03906 0.16516
3.04688 0.165694
3.05469 0.166553
3.0625 0.167561
3.07031 0.167709
3.07812 0.168153
3.08594 0.168272
3.09375 0.169398
3.10156 0.169487
3.10938 0.170287
3.11719 0.170524
3.125 0.171384
3.13281 0.171473
3.14062 0.172065
3.14844 0.172213
3.15625 0.173103
3.16406 0.173369
3.17188 0.173843
3.17969 0.173903
3.1875 0.17494
3.19531 0.175059
3.20312 0.175592
3.21094 0.175799
3.21875 0.176748
3.22656 0.176807
3.23438 0.177311
3.24219 0.177429
3.25 0.178437
3.25781 0.178644
3.26562 0.179119
3.27344 0.179178
3.28125 0.180156
3.28906 0.180274
3.29688 0.180719
3.30469 0.180867
3.3125 0.181845
3.32031 0.181934
3.32812 0.182467
3.33594 0.182616
3.34375 0.183564
3.35156 0.183771
3.35938 0.184216
3.36719 0.184305
3.375 0.185283
3.38281 0.185372
3.39062 0.185816
3.39844 0.185964
3.40625 0.187061
3.41406 0.18712
3.42188 0.187713
3.42969 0.187802
3.4375 0.188691
3.44531 0.188869
3.45312 0.189313
3.46094 0.189758
3.46875 0.190825
3.47656 0.191299
3.48438 0.191773
3.49219 0.191951
3.5 0.192929
3.50781 0.192988
3.51562 0.193522
3.52344 0.19364
3.53125 0.194559
3.53906 0.194707
3.54688 0.195181
3.55469 0.19524
3.5625 0.196278
3.57031 0.196396
3.57812 0.196841
3.58594 0.197048
3.59375 0.197997
3.60156 0.198086
3.60938 0.198678
3.61719 0.198797
3.625 0.199775
3.63281 0.199923
3.64062 0.200753
3.64844 0.200812
3.65625 0.201849
3.66406 0.202353
3.67188 0.202827
3.67969 0.203005
3.6875 0.203924
3.69531 0.204013
3.70312 0.204546
3.71094 0.20505
3.71875 0.20834
3.72656 0.208517
3.73438 0.208962
3.74219 0.209021
3.75 0.210029
3.75781 0.210177
3.76562 0.210651
3.77344 0.210829
3.78125 0.211748
3.78906 0.211807
3.79688 0.212429
3.80469 0.212548
3.8125 0.213466
3.82031 0.213615
3.82812 0.216312
3.83594 0.2164
3.84375 0.217408
3.85156 0.217497
3.85938 0.217941
3.86719 0.218119
3.875 0.219127
3.88281 0.219186
3.89062 0.219779
3.89844 0.229085
3.90625 0.232285
3.91406 0.232522
3.92188 0.232967
3.92969 0.233026
3.9375 0.234538
3.94531 0.234656
3.95312 0.23513
3.96094 0.235308
3.96875 0.238361
3.97656 0.23842
3.98438 0.238953
3.99219 0.239131
4 0.24005
4.00781 0.240198
4.01562 0.242243
4.02344 0.242272
4.03125 0.243339
4.03906 0.243488
4.04688 0.246155
4.05469 0.246303
4.0625 0.247251
4.07031 0.247311
4.07812 0.249563
4.08594 0.249652
4.09375 0.250541
4.10156 0.250689
4.10938 0.251163
4.11719 0.251193
4.125 0.254423
4.13281 0.254512
4.14062 0.254927
4.14844 0.255105
4.15625 0.258543
4.16406 0.258572
4.17188 0.259135
4.17969 0.259194
4.1875 0.260202
4.19531 0.26035
4.20312 0.260765
4.21094 0.260795
4.21875 0.261743
4.22656 0.261802
4.23438 0.262217
4.24219 0.262366
4.25 0.263373
4.25781 0.263403
4.26562 0.263966
4.27344 0.264025
4.28125 0.264885
4.28906 0.265003
4.29688 0.265448
4.30469 0.265507
4.3125 0.266574
4.32031 0.266663
4.32812 0.267107
4.33594 0.267226
4.34375 0.268145
4.35156 0.268174
4.35938 0.268708
4.36719 0.268826
4.375 0.269715
4.38281 0.269863
4.39062 0.27259
4.39844 0.272649
4.40625 0.273627
4.41406 0.273686
4.42188 0.274131
4.42969 0.274249
4.4375 0.275109
4.44531 0.275139
4.45312 0.275761
4.46094 0.275879
4.46875 0.281214
4.47656 0.281362
4.48438 0.281807
4.49219 0.281866
4.5 0.282933
4.50781 0.283022
4.51562 0.283496
4.52344 0.283674
4.53125 0.284622
4.53906 0.284681
4.54688 0.285185
4.55469 0.285244
4.5625 0.287823
4.57031 0.287971
4.57812 0.288415
4.58594 0.288445
4.59375 0.289453
4.60156 0.289542
4.60938 0.292653
4.61719 0.292772
4.625 0.293691
4.63281 0.29375
4.64062 0.294283
4.64844 0.29452
4.65625 0.295498
4.66406 0.295676
4.67188 0.29615
4.67969 0.29621
4.6875 0.297158
4.69531 0.297217
4.70312 0.297691
4.71094 0.29784
4.71875 0.298758
4.72656 0.298788
4.73438 0.299707
4.74219 0.299766
4.75 0.300714
4.75781 0.300833
4.76562 0.302878
4.77344 0.302967
4.78125 0.304004
4.78906 0.304063
4.79688 0.304626
4.80469 0.304774
4.8125 0.305752
4.82031 0.305782
4.82812 0.306345
4.83594 0.306404
4.84375 0.307323
4.85156 0.307501
4.85938 0.307975
4.86719 0.308034
4.875 0.309072
4.88281 0.309131
4.89062 0.309605
4.89844 0.309753
4.90625 0.31328
4.91406 0.313339
4.92188 0.318318
4.92969 0.318436
4.9375 0.323267
4.94531 0.323445
4.95312 0.323949
4.96094 0.323978
4.96875 0.329579
4.97656 0.329639
4.98438 0.330646
4.99219 0.330824
5 0.331743
5.00781 0.331802
5.01562 0.332336
5.02344 0.332454
5.03125 0.333373
5.03906 0.333551
5.04688 0.334054
5.05469 0.334084
5.0625 0.335121
5.07031 0.33521
5.07812 0.335655
5.08594 0.335862
5.09375 0.339063
5.10156 0.339093
5.10938 0.339656
5.11719 0.339745
5.125 0.340752
5.13281 0.34093
5.14062 0.341375
5.14844 0.341434
5.15625 0.342441
5.16406 0.34253
5.17188 0.343064
5.17969 0.343212
5.1875 0.344131
5.19531 0.34416
5.20312 0.347153
5.21094 0.347213
5.21875 0.350413
5.22656 0.350621
5.23438 0.351065
5.24219 0.351095
5.25 0.354088
5.25781 0.354148
5.26562 0.354651
5.27344 0.354859
5.28125 0.355896
5.28906 0.355926
5.29688 0.356459
5.30469 0.356578
5.3125 0.357733
5.32031 0.357911
5.32812 0.358504
5.33594 0.358563
5.34375 0.359571
5.35156 0.359719
5.35938 0.360164
5.36719 0.360341
5.375 0.361734
5.38281 0.361794
5.39062 0.362357
5.39844 0.362475
5.40625 0.363364
5.41406 0.363572
5.42188 0.364016
5.42969 0.364076
5.4375 0.365172
5.44531 0.365261
5.45312 0.365705
5.46094 0.365854
5.46875 0.366832
5.47656 0.366921
5.48438 0.367454
5.49219 0.367513
5.5 0.370832
5.50781 0.370981
5.51562 0.371455
5.52344 0.371514
5.53125 0.372848
5.53906 0.372937
5.54688 0.373381
5.55469 0.373589
5.5625 0.374567
5.57031 0.374626
5.57812 0.375219
5.58594 0.375337
5.59375 0.376256
5.60156 0.376404
5.60938 0.377382
5.61719 0.377441
5.625 0.378508
5.63281 0.380168
5.64062 0.380672
5.64844 0.38082
5.65625 0.381798
5.66406 0.381857
5.67188 0.382894
5.67969 0.382983
5.6875 0.38402
5.69531 0.384169
5.70312 0.386865
5.71094 0.386984
5.71875 0.388021
5.72656 0.38814
5.73438 0.388614
5.74219 0.388792
5.75 0.38977
5.75781 0.389799
5.76562 0.390777
5.77344 0.390837
5.78125 0.391755
5.78906 0.391933
5.79688 0.392378
5.80469 0.392437
5.8125 0.393445
5.82031 0.393533
5.82812 0.394067
5.83594 0.394185
5.84375 0.395163
5.85156 0.395252
5.85938 0.396201
5.86719 0.39626
5.875 0.397238
5.88281 0.397475
5.89062 0.397949
5.89844 0.398008
5.90625 0.401328
5.91406 0.401387
5.92188 0.401861
5.92969 0.402009
5.9375 0.402987
5.94531 0.403047
5.95312 0.403699
5.96094 0.403847
5.96875 0.405299
5.97656 0.405447
5.98438 0.405921
5.99219 0.40598
6 0.407344
6.00781 0.407433
6.01562 0.407907
6.02344 0.408055
6.03125 0.409063
6.03906 0.409092
6.04688 0.409685
6.05469 0.409804
6.0625 0.415256
6.07031 0.415405
6.07812 0.415938
6.08594 0.415968
6.09375 0.419287
6.10156 0.419465
6.10938 0.419939
6.11719 0.420087
6.125 0.421124
6.13281 0.421154
6.14062 0.423969
6.14844 0.424118
6.15625 0.425896
6.16406 0.426074
6.17188 0.426548
6.17969 0.426637
6.1875 0.427615
6.19531 0.427704
6.20312 0.4304
6.21094 0.430549
6.21875 0.431497
6.22656 0.431556
6.23438 0.43209
6.24219 0.432475
6.25 0.433749
6.25781 0.433927
6.26562 0.434342
6.27344 0.434372
6.28125 0.435379
6.28906 0.435468
6.29688 0.435942
6.30469 0.43612
6.3125 0.439321
6.32031 0.43938
6.32812 0.439973
6.33594 0.440091
6.34375 0.44101
6.35156 0.441188
6.35938 0.441603
6.36719 0.441662
6.375 0.442818
6.38281 0.442936
6.39062 0.445663
6.39844 0.445811
6.40625 0.448241
6.41406 0.448271
6.42188 0.448804
6.42969 0.448893
6.4375 0.449901
6.44531 0.450079
6.45312 0.450908
6.46094 0.450968
6.46875 0.452449
6.47656 0.452568
6.48438 0.453072
6.49219 0.453279
6.5 0.454287
6.50781 0.454316
6.51562 0.454968
6.52344 0.455057
6.53125 0.456539
6.53906 0.456717
6.54688 0.458791
6.55469 0.45888
6.5625 0.462288
6.57031 0.462407
6.57812 0.462881
6.58594 0.463089
6.59375 0.464393
6.60156 0.464452
6.60938 0.465341
6.61719 0.46543
6.625 0.466734
6.63281 0.466912
6.64062 0.469668
6.64844 0.469757
6.65625 0.470794
6.66406 0.470883
6.67188 0.471357
6.67969 0.471535
6.6875 0.472987
6.69531 0.473046
6.70312 0.473639
6.71094 0.473728
6.71875 0.474676
6.72656 0.474884
6.73438 0.47927
6.74219 0.479329
6.75 0.482648
6.75781 0.482767
6.76562 0.4833
6.77344 0.483804
6.78125 0.484752
6.78906 0.484812
6.79688 0.489257
6.80469 0.489346
6.8125 0.490798
6.82031 0.490976
6.82812 0.49142
6.83594 0.49148
6.84375 0.492547
6.85156 0.492665
6.85938 0.49474
6.86719 0.494917
6.875 0.496459
6.88281 0.496518
6.89062 0.49717
6.89844 0.497259
6.90625 0.498237
6.91406 0.498414
6.92188 0.501141
6.92969 0.501171
6.9375 0.502149
6.94531 0.502267
6.95312 0.504371
6.96094 0.504519
6.96875 0.505497
6.97656 0.505557
6.98438 0.506209
6.99219 0.506327
7 0.507276
7.00781 0.507424
7.01562 0.508491
7.02344 0.50855
7.03125 0.510032
7.03906 0.510121
7.04688 0.510684
7.05469 0.510862
7.0625 0.514151
7.07031 0.51424
7.07812 0.518774
7.08594 0.518863
7.09375 0.522034
7.10156 0.522182
7.10938 0.522686
7.11719 0.522745
7.125 0.523842
7.13281 0.523931
7.14062 0.524405
7.14844 0.524553
7.15625 0.525561
7.16406 0.52562
7.17188 0.526242
7.17969 0.526331
7.1875 0.527369
7.19531 0.527635
7.20312 0.52808
7.21094 0.528139
7.21875 0.529206
7.22656 0.529295
7.23438 0.530214
7.24219 0.530391
7.25 0.531369
7.25781 0.531429
7.26562 0.532021
7.27344 0.53211
7.28125 0.537652
7.28906 0.53783
7.29688 0.538304
7.30469 0.538393
7.3125 0.543431
7.32031 0.54352
7.32812 0.543994
7.33594 0.544172
7.34375 0.54512
7.35156 0.545209
7.35938 0.545802
7.36719 0.545891
7.375 0.547551
7.38281 0.547728
7.39062 0.548203
7.39844 0.548262
7.40625 0.550929
7.41406 0.551403
7.42188 0.551848
7.42969 0.552055
7.4375 0.552974
7.44531 0.553004
7.45312 0.555849
7.46094 0.555938
7.46875 0.556945
7.47656 0.557093
7.48438 0.560146
7.49219 0.560235
7.5 0.561954
7.50781 0.562042
7.51562 0.562843
7.52344 0.562991
7.53125 0.56391
7.53906 0.563969
7.54688 0.564591
7.55469 0.56468
7.5625 0.565599
7.57031 0.565747
7.57812 0.566962
7.58594 0.567021
7.59375 0.568118
7.60156 0.568207
7.60938 0.573186
7.61719 0.573334
7.625 0.574371
7.63281 0.574401
7.64062 0.575527
7.64844 0.575616
7.65625 0.576564
7.66406 0.576742
7.67188 0.579528
7.67969 0.579587
7.6875 0.580802
7.69531 0.582521
7.70312 0.582995
7.71094 0.583173
7.71875 0.586373
7.72656 0.586433
7.73438 0.587055
7.74219 0.587263
7.75 0.588952
7.75781 0.58913
7.76562 0.589633
7.77344 0.589693
7.78125 0.590611
7.78906 0.59073
7.79688 0.593456
7.80469 0.593634
7.8125 0.594553
7.82031 0.594642
7.82812 0.595264
7.83594 0.595353
7.84375 0.596894
7.85156 0.597072
7.85938 0.599769
7.86719 0.599828
7.875 0.603118
7.88281 0.604392
7.89062 0.607119
7.89844 0.607296
7.90625 0.608334
7.91406 0.608393
7.92188 0.608986
7.92969 0.609074
7.9375 0.61023
7.94531 0.610408
7.95312 0.610912
7.96094 0.610971
7.96875 0.614231
7.97656 0.614379
7.98438 0.614853
7.99219 0.615031
8 0.615861
8.00781 0.61592
8.01562 0.616543
8.02344 0.616602
8.03125 0.61755
8.03906 0.617728
8.04688 0.618499
8.05469 0.618558
8.0625 0.619595
8.07031 0.619684
8.07812 0.620099
8.08594 0.620277
8.09375 0.621136
8.10156 0.621699
8.10938 0.622262
8.11719 0.622707
8.125 0.623596
8.13281 0.623774
8.14062 0.624189
8.14844 0.624248
8.15625 0.625315
8.16406 0.625374
8.17188 0.625878
8.17969 0.626115
8.1875 0.626945
8.19531 0.627004
8.20312 0.627597
8.21094 0.627686
8.21875 0.628604
8.22656 0.628782
8.23438 0.629197
8.24219 0.629256
8.25 0.630353
8.25781 0.630412
8.26562 0.630857
8.27344 0.631035
8.28125 0.631924
8.28906 0.631983
8.29688 0.632546
8.30469 0.632576
8.3125 0.633524
8.32031 0.633702
8.32812 0.634146
8.33594 0.634206
8.34375 0.635243
8.35156 0.635273
8.35938 0.635717
8.36719 0.635924
8.375 0.636873
8.38281 0.636932
8.39062 0.637466
8.39844 0.637525
8.40625 0.638444
8.41406 0.638592
8.42188 0.638977
8.42969 0.639036
8.4375 0.640073
8.44531 0.640133
8.45312 0.640637
8.46094 0.640814
8.46875 0.641733
8.47656 0.641792
8.48438 0.642385
8.49219 0.642444
8.5 0.643422
8.50781 0.6436
8.51562 0.644015
8.52344 0.644074
8.53125 0.6452
8.53906 0.64526
8.54688 0.645704
8.55469 0.645882
8.5625 0.64683
8.57031 0.64689
8.57812 0.647453
8.58594 0.647512
8.59375 0.64846
8.60156 0.648638
8.60938 0.649053
8.61719 0.649112
8.625 0.65012
8.63281 0.650179
8.64062 0.650624
8.64844 0.650802
8.65625 0.65172
8.66406 0.65178
8.67188 0.652372
8.67969 0.652461
8.6875 0.653528
8.69531 0.653706
8.70312 0.654091
8.71094 0.65415
8.71875 0.655158
8.72656 0.655217
8.73438 0.655632
8.74219 0.65581
8.75 0.656729
8.75781 0.656788
8.76562 0.657351
8.77344 0.657381
8.78125 0.658299
8.78906 0.658477
8.79688 0.658922
8.80469 0.658981
8.8125 0.660107
8.82031 0.660167
8.82812 0.660611
8.83594 0.660819
8.84375 0.662478
8.85156 0.662508
8.85938 0.663071
8.86719 0.66313
8.875 0.664108
8.88281 0.664286
8.89062 0.664701
8.89844 0.66476
8.90625 0.667457
8.91406 0.667516
8.92188 0.66799
8.92969 0.668168
8.9375 0.669057
8.94531 0.669117
8.95312 0.66968
8.96094 0.669739
8.96875 0.670628
8.97656 0.670776
8.98438 0.671191
8.99219 0.67125
9 0.672258
9.00781 0.672317
9.01562 0.672791
9.02344 0.672969
9.03125 0.673918
9.03906 0.673977
9.04688 0.67454
9.05469 0.674629
9.0625 0.675636
9.07031 0.675814
9.07812 0.6762
9.08594 0.676259
9.09375 0.677355
9.10156 0.677415
9.10938 0.677889
9.11719 0.678037
9.125 0.678926
9.13281 0.679015
9.14062 0.679578
9.14844 0.680052
9.15625 0.68103
9.16406 0.681208
9.17188 0.681623
9.17969 0.681682
9.1875 0.682749
9.19531 0.682808
9.20312 0.683253
9.21094 0.683431
9.21875 0.68429
9.22656 0.684349
9.23438 0.684912
9.24219 0.684972
9.25 0.685979
9.25781 0.686157
9.26562 0.686631
9.27344 0.686691
9.28125 0.687757
9.28906 0.687817
9.29688 0.688261
9.30469 0.688469
9.3125 0.689447
9.32031 0.689506
9.32812 0.690128
9.33594 0.690188
9.34375 0.691166
9.35156 0.691343
9.35938 0.691729
9.36719 0.691788
9.375 0.692855
9.38281 0.692973
9.39062 0.693448
9.39844 0.693625
9.40625 0.694485
9.41406 0.694544
9.42188 0.695107
9.42969 0.695166
9.4375 0.696144
9.44531 0.696322
9.45312 0.696737
9.46094 0.696796
9.46875 0.697863
9.47656 0.697952
9.48438 0.698397
9.49219 0.698604
9.5 0.699523
9.50781 0.699612
9.51562 0.700175
9.52344 0.700234
9.53125 0.701123
9.53906 0.701331
9.54688 0.701746
9.55469 0.701805
9.5625 0.702842
9.57031 0.702901
9.57812 0.703376
9.58594 0.703553
9.59375 0.704442
9.60156 0.704531
9.60938 0.705124
9.61719 0.705183
9.625 0.706161
9.63281 0.706309
9.64062 0.706724
9.64844 0.706813
9.65625 0.709154
9.66406 0.709214
9.67188 0.709658
9.67969 0.709836
9.6875 0.710784
9.69531 0.710873
9.70312 0.711496
9.71094 0.711555
9.71875 0.712444
9.72656 0.712652
9.73438 0.713096
9.74219 0.713155
9.75 0.714193
9.75781 0.714252
9.76562 0.714726
9.77344 0.714933
9.78125 0.715823
9.78906 0.715882
9.79688 0.716445
9.80469 0.716504
9.8125 0.717512
9.82031 0.717867
9.82812 0.718282
9.83594 0.718342
9.84375 0.719379
9.85156 0.719468
9.85938 0.719942
9.86719 0.72012
9.875 0.72172
9.88281 0.721779
9.89062 0.722402
9.89844 0.722461
9.90625 0.723409
9.91406 0.723587
9.92188 0.726254
9.92969 0.726343
9.9375 0.727321
9.94531 0.72738
9.95312 0.727825
9.96094 0.728003
9.96875 0.728951
9.97656 0.72901
9.98438 0.729574
9.99219 0.729633
10 0.730552
10.0078 0.730789
10.0156 0.731204
10.0234 0.731263
10.0312 0.73233
10.0391 0.732774
10.0469 0.733248
10.0547 0.733456
10.0625 0.734315
10.0703 0.734375
10.0781 0.734938
10.0859 0.735056
10.0938 0.735975
10.1016 0.736093
10.1094 0.736508
10.1172 0.736568
10.125 0.739916
10.1328 0.739976
10.1406 0.74042
10.1484 0.740598
10.1562 0.741546
10.1641 0.741635
10.1719 0.742228
10.1797 0.742287
10.1875 0.743591
10.1953 0.743769
10.2031 0.744184
10.2109 0.744243
10.2188 0.745221
10.2266 0.745281
10.2344 0.745755
10.2422 0.745992
10.25 0.746999
10.2578 0.747059
10.2656 0.747622
10.2734 0.747681
10.2812 0.748689
10.2891 0.748866
10.2969 0.749281
10.3047 0.749341
10.3125 0.750763
10.3203 0.750852
10.3281 0.751356
10.3359 0.751534
10.3438 0.752363
10.3516 0.752423
10.3594 0.753015
10.3672 0.753193
10.375 0.756453
10.3828 0.756631
10.3906 0.757046
10.3984 0.757135
10.4062 0.758172
10.4141 0.758231
10.4219 0.758676
10.4297 0.758883
10.4375 0.759713
10.4453 0.759802
10.4531 0.760395
10.4609 0.760454
10.4688 0.761373
10.4766 0.761639
10.4844 0.762084
10.4922 0.762143
10.5 0.76324
10.5078 0.763329
10.5156 0.763803
10.5234 0.763981
10.5312 0.765255
10.5391 0.765314
10.5469 0.765907
10.5547 0.765996
10.5625 0.767004
10.5703 0.767211
10.5781 0.767626
10.5859 0.767774
10.5938 0.771123
10.6016 0.771182
10.6094 0.771627
10.6172 0.771805
10.625 0.772694
10.6328 0.772783
10.6406 0.773346
10.6484 0.773405
10.6562 0.774383
10.6641 0.774561
10.6719 0.774976
10.6797 0.775035
10.6875 0.776191
10.6953 0.776665
10.7031 0.777465
10.7109 0.777702
10.7188 0.778561
10.7266 0.778621
10.7344 0.779184
10.7422 0.779243
10.75 0.780606
10.7578 0.780784
10.7656 0.781199
10.7734 0.781229
10.7812 0.782266
10.7891 0.78277
10.7969 0.783214
10.8047 0.783392
10.8125 0.784311
10.8203 0.78437
10.8281 0.784933
10.8359 0.784992
10.8438 0.785882
10.8516 0.786089
10.8594 0.786563
10.8672 0.786652
10.875 0.787719
10.8828 0.787778
10.8906 0.788223
10.8984 0.78843
10.9062 0.791601
10.9141 0.79169
10.9219 0.792283
10.9297 0.792342
10.9375 0.793616
10.9453 0.793854
10.9531 0.794268
10.9609 0.794328
10.9688 0.795365
10.9766 0.795424
10.9844 0.795898
10.9922 0.796076
11 0.796995
11.0078 0.797054
11.0156 0.797647
11.0234 0.797736
11.0312 0.798625
11.0391 0.798803
11.0469 0.799218
11.0547 0.799307
11.0625 0.800373
11.0703 0.800522
11.0781 0.800966
11.0859 0.801144
11.0938 0.802033
11.1016 0.802092
11.1094 0.802685
11.1172 0.802744
11.125 0.803693
11.1328 0.803841
11.1406 0.804285
11.1484 0.804345
11.1562 0.805323
11.1641 0.805382
11.1719 0.805826
11.1797 0.806004
11.1875 0.807279
11.1953 0.807338
11.2031 0.807901
11.2109 0.80796
11.2188 0.808879
11.2266 0.809057
11.2344 0.809472
11.2422 0.809649
11.25 0.810716
11.2578 0.810805
11.2656 0.81125
11.2734 0.811428
11.2812 0.812287
11.2891 0.812346
11.2969 0.81451
11.3047 0.814569
11.3125 0.815517
11.3203 0.815725
11.3281 0.81614
11.3359 0.816229
11.3438 0.817295
11.3516 0.817384
11.3594 0.817829
11.3672 0.818007
11.375 0.819044
11.3828 0.819103
11.3906 0.819666
11.3984 0.819755
11.4062 0.820763
11.4141 0.821
11.4219 0.82183
11.4297 0.821889
11.4375 0.823074
11.4453 0.823134
11.4531 0.823578
11.4609 0.823756
11.4688 0.824645
11.4766 0.824704
11.4844 0.825297
11.4922 0.825386
11.5 0.826275
11.5078 0.826453
11.5156 0.826868
11.5234 0.826927
11.5312 0.828083
11.5391 0.828142
11.5469 0.828587
11.5547 0.828794
11.5625 0.829683
11.5703 0.832054
11.5781 0.832617
11.5859 0.832676
11.5938 0.833595
11.6016 0.833743
11.6094 0.836381
11.6172 0.836411
11.625 0.837448
11.6328 0.837507
11.6406 0.837952
11.6484 0.838189
11.6562 0.839107
11.6641 0.839167
11.6719 0.83973
11.6797 0.839789
11.6875 0.840737
11.6953 0.840915
11.7031 0.84133
11.7109 0.841389
11.7188 0.842515
11.7266 0.842634
11.7344 0.843108
11.7422 0.843286
11.75 0.844383
11.7578 0.844442
11.7656 0.845153
11.7734 0.845212
11.7812 0.846161
11.7891 0.846368
11.7969 0.846783
11.8047 0.846872
11.8125 0.847939
11.8203 0.847998
11.8281 0.848472
11.8359 0.84868
11.8438 0.853007
11.8516 0.853066
11.8594 0.853629
11.8672 0.853688
11.875 0.854637
11.8828 0.854844
11.8906 0.855289
11.8984 0.855348
11.9062 0.856385
11.9141 0.856444
11.9219 0.856948
11.9297 0.857126
11.9375 0.858074
11.9453 0.858163
11.9531 0.858756
11.9609 0.858845
11.9688 0.859823
11.9766 0.86003
11.9844 0.860445
11.9922 0.860504
12 0.860564
12.0156 0.860593
12.0469 0.860623
12.1094 0.860653
12.125 0.860712
12.1562 0.860801
12.1719 0.86086
12.1953 0.860949
12.2031 0.861008
12.2266 0.861038
12.25 0.861067
12.2812 0.861097
12.2969 0.861127
12.3359 0.861156
12.3438 0.861186
12.3594 0.861216
12.375 0.861245
12.3906 0.861275
12.4219 0.861305
12.4375 0.861393
12.4453 0.861808
12.4766 0.861838
12.4844 0.861868
12.5312 0.861986
12.5781 0.862016
12.6016 0.862045
12.6094 0.862075
12.625 0.862134
12.6484 0.862164
12.6641 0.862253
12.6719 0.862312
12.6875 0.862727
12.7188 0.862757
12.75 0.862786
12.7656 0.862846
12.7734 0.862905
12.8125 0.863349
12.8594 0.863379
12.875 0.863409
12.9062 0.863468
12.9141 0.863527
12.9375 0.863616
12.9531 0.863646
12.9922 0.863675
13 0.863735
13.0469 0.863764
13.0625 0.863883
13.0859 0.863972
13.0938 0.864001
13.1016 0.86409
13.125 0.86412
13.1562 0.86415
13.1719 0.864179
13.1875 0.86655
13.2188 0.866639
13.2344 0.866728
13.25 0.866758
13.2656 0.866787
13.2812 0.866846
13.2969 0.866876
13.3125 0.866906
13.3203 0.866935
13.3281 0.866965
13.375 0.867054
13.3906 0.867113
13.4219 0.867143
13.4375 0.867172
13.4531 0.867202
13.4609 0.867232
13.4844 0.867291
13.5 0.86735
13.5156 0.86738
13.5312 0.86741
13.5391 0.867439
13.5625 0.867469
13.6094 0.867558
13.6562 0.867617
13.7031 0.867676
13.75 0.867736
13.7812 0.867824
13.7969 0.867884
13.8125 0.868299
13.8438 0.868328
13.8906 0.868358
13.9375 0.868388
13.9531 0.868862
13.9766 0.868891
13.9844 0.868921
14 0.868951
14.0234 0.869336
14.0312 0.871588
14.0781 0.871677
14.0859 0.871707
14.125 0.871766
14.1719 0.871796
14.1953 0.871855
14.2188 0.871885
14.25 0.872329
14.2656 0.872359
14.2891 0.872388
14.3047 0.872448
14.3125 0.872507
14.3594 0.872537
14.375 0.872596
14.3906 0.872625
14.4062 0.872655
14.4375 0.872685
14.4531 0.872714
14.4688 0.874937
14.5 0.874996
14.5156 0.875026
14.5234 0.875056
14.5469 0.875115
14.5625 0.875144
14.5781 0.875204
14.625 0.875322
14.6406 0.875352
14.6562 0.875678
14.6875 0.875767
14.7344 0.875856
14.7422 0.875885
14.8125 0.875915
14.8281 0.875945
14.8672 0.875974
14.875 0.876004
14.9062 0.876034
14.9141 0.876063
14.9219 0.876093
14.9375 0.876122
14.9688 0.876152
15 0.876182
15.0156 0.876241
15.0469 0.876567
15.0625 0.876597
15.0781 0.876686
15.1016 0.87716
15.1094 0.877219
15.125 0.877249
15.1562 0.877338
15.1797 0.877723
15.2031 0.877812
15.2188 0.877841
15.25 0.878404
15.2891 0.878434
15.3125 0.878464
15.3438 0.878493
15.375 0.878523
15.3906 0.878641
15.3984 0.878671
15.4062 0.879056
15.4297 0.879442
15.4375 0.879471
15.4844 0.87959
15.5 0.879619
15.5312 0.879649
15.5625 0.879679
15.5703 0.879708
15.5781 0.879738
15.5938 0.879768
15.6094 0.88199
15.625 0.88202
15.6719 0.882079
15.6797 0.882109
15.6875 0.882168
15.75 0.882198
15.7656 0.882227
15.7812 0.882257
15.8125 0.882346
15.8203 0.882376
15.8281 0.882405
15.8359 0.882465
15.8594 0.882494
15.875 0.882524
15.9062 0.882583
15.9141 0.882613
15.9375 0.882642
15.9453 0.883028
15.9531 0.883087
15.9922 0.883116
16 0.883146
16.0312 0.883176
16.0469 0.883205
16.0938 0.883531
16.125 0.883561
16.1328 0.883591
16.1875 0.88362
16.2031 0.883709
16.25 0.883768
16.2656 0.883798
16.2734 0.883828
16.3438 0.884243
16.3516 0.884272
16.375 0.884332
16.4141 0.88442
16.5 0.88445
16.5547 0.884509
16.5625 0.884954
16.6016 0.884984
16.6094 0.885013
16.6953 0.885043
16.7188 0.885072
16.7266 0.885102
16.75 0.885132
16.8125 0.885161
16.8438 0.885191
16.875 0.885221
16.9062 0.88531
16.9766 0.885398
17.0391 0.885458
17.0625 0.885487
17.0781 0.885517
17.125 0.885576
17.1875 0.885695
17.25 0.885724
17.2578 0.885754
17.3125 0.888036
17.3438 0.888066
17.4062 0.888451
17.4375 0.88851
17.4688 0.88854
17.5 0.888569
17.5391 0.888599
17.5625 0.888984
17.625 0.889014
17.6406 0.890674
17.6719 0.890703
17.6797 0.890733
17.6875 0.890763
17.75 0.890792
17.8125 0.890822
17.8203 0.890851
17.8281 0.890881
17.875 0.89094
18 0.89097
18.0703 0.891
18.0781 0.891029
18.1484 0.891741
18.1719 0.8918
18.2266 0.891829
18.2422 0.891859
18.25 0.891889
18.3125 0.891918
18.375 0.892333
18.4141 0.892363
18.4375 0.892392
18.5 0.892422
18.5234 0.892452
18.5312 0.892481
18.5547 0.892511
18.5625 0.892541
18.5859 0.894763
18.6094 0.894793
18.625 0.894823
18.6562 0.894882
18.6719 0.894912
18.75 0.894941
18.7578 0.894971
18.7656 0.895
18.7812 0.89503
18.8125 0.895445
18.875 0.89583
18.9453 0.89586
18.9609 0.895919
19 0.896038
19.0781 0.896067
19.125 0.896097
19.1562 0.89832
19.1641 0.898735
19.2188 0.898764
19.2266 0.898853
19.25 0.898883
19.3125 0.898912
19.3594 0.898942
19.375 0.898972
19.4375 0.899001
19.4609 0.899031
19.5781 0.89909
19.625 0.89912
19.7812 0.899149
19.8125 0.899179
19.9375 0.899209
20 0.899238
20.0312 0.899268
20.1719 0.899298
20.2031 0.899327
20.25 0.899357
20.4844 0.899387
20.5 0.899416
20.5625 0.901639
20.6406 0.901668
20.6562 0.901698
20.7344 0.901728
20.75 0.901787
20.7969 0.901817
20.8203 0.901846
20.875 0.901876
20.9922 0.901906
21.0625 0.902054
21.1016 0.902528
21.25 0.902558
21.3359 0.902587
21.3438 0.902646
21.4062 0.902676
21.4375 0.902706
21.5078 0.902735
21.5312 0.903121
21.6016 0.90321
21.6094 0.903239
21.625 0.903269
21.6562 0.903298
21.7188 0.905551
21.8125 0.90564
21.9062 0.905669
22 0.905699
22.0625 0.905729
22.1797 0.905818
22.1953 0.905906
22.25 0.905936
22.2812 0.905966
22.3125 0.905995
22.4375 0.906055
22.4688 0.906084
22.5156 0.906558
22.6172 0.906588
22.6328 0.906618
22.75 0.908248
22.8281 0.908307
22.9844 0.908337
23 0.908366
23.0312 0.908396
23.0547 0.908425
23.0625 0.908455
23.0781 0.908485
23.0938 0.908544
23.2109 0.908603
23.2266 0.908633
23.25 0.908663
23.3125 0.908692
23.3281 0.910974
23.4062 0.911004
23.4453 0.913226
23.4844 0.913256
23.5 0.913286
23.5312 0.913375
23.5625 0.913404
23.6562 0.913434
23.6875 0.913493
23.7656 0.913523
23.8281 0.913552
23.8359 0.913582
23.8438 0.913612
23.9219 0.913641
24 0.914086
24.0312 0.916368
24.0469 0.916427
24.125 0.916457
24.2422 0.918087
24.4453 0.918472
24.4766 0.918531
24.6172 0.918561
24.7188 0.918591
24.8516 0.919065
24.8828 0.919094
24.9375 0.919124
24.9531 0.919154
25 0.919183
25.1094 0.919213
25.25 0.919243
25.2578 0.921465
25.375 0.921495
25.4375 0.921524
25.5625 0.921554
25.625 0.921939
25.6562 0.921969
25.8672 0.924251
25.9375 0.924607
26.0156 0.924636
26.0312 0.924666
26.1406 0.925229
26.1719 0.925288
26.2422 0.925318
26.4688 0.925377
26.4922 0.9276
26.5 0.928015
26.5703 0.928044
26.625 0.928074
26.7031 0.928104
26.8594 0.928133
26.9375 0.930356
26.9688 0.930415
27.0625 0.930889
27.1875 0.930919
27.2031 0.930949
27.25 0.930978
27.2656 0.932608
27.3438 0.932638
27.4297 0.933023
27.5156 0.933053
27.625 0.933082
27.7969 0.933171
27.8438 0.933231
27.8984 0.93326
27.9062 0.93329
28 0.933349
28.0625 0.933379
28.1562 0.935601
28.2344 0.935661
28.25 0.93569
28.375 0.93572
28.4141 0.93575
28.4688 0.938032
28.6953 0.938061
28.7188 0.938091
28.75 0.93812
28.8359 0.93975
28.9062 0.93978
28.9375 0.939899
28.9531 0.941558
28.9609 0.941588
29.125 0.941618
29.1484 0.941647
29.1875 0.941677
29.3125 0.941736
29.3594 0.941766
29.4219 0.941795
29.5938 0.941825
29.7734 0.941914
29.8281 0.941944
29.875 0.941973
29.9062 0.942003
30.0234 0.942032
30.1406 0.943662
30.2969 0.943692
30.3203 0.943722
30.4219 0.943751
30.5625 0.94384
30.7188 0.94387
30.75 0.943899
30.8281 0.943929
30.8594 0.943959
30.875 0.944018
31 0.944077
31.2188 0.944107
31.2266 0.944137
31.3125 0.944166
31.3906 0.944196
31.4141 0.944225
31.6172 0.944255
31.8828 0.944285
32 0.94467
32.0156 0.9447
32.125 0.944759
32.1328 0.944789
32.5 0.944848
32.6875 0.944877
32.7266 0.944907
32.8125 0.944937
32.875 0.944996
33.25 0.945026
33.2656 0.945055
33.3438 0.945085
33.375 0.945115
33.5625 0.945144
33.9453 0.945174
34 0.945233
34.1562 0.945263
34.2812 0.945292
34.4844 0.945322
34.625 0.945352
34.7812 0.945411
34.8125 0.945441
34.8516 0.94547
34.9375 0.9455
35.0703 0.945559
35.25 0.945589
35.2812 0.945618
35.4062 0.945648
35.5 0.945678
35.625 0.945707
35.75 0.945737
35.875 0.945796
36.1094 0.945826
36.2109 0.945855
36.4375 0.945885
36.5 0.945915
36.625 0.945944
36.8125 0.945974
36.8828 0.946004
36.8906 0.946033
37.125 0.946093
37.2734 0.946122
37.3125 0.946181
37.375 0.946211
37.5703 0.946241
37.625 0.94627
37.75 0.94633
37.8594 0.946804
37.9375 0.946833
38.0703 0.946863
38.125 0.946922
38.2188 0.946952
38.5 0.946982
38.5312 0.947011
38.7031 0.947041
38.9297 0.947071
38.9609 0.9471
39.0156 0.94713
39.1562 0.947159
39.1953 0.947189
39.2578 0.947219
39.3594 0.947248
39.4062 0.947278
39.4375 0.947308
39.7344 0.947337
39.75 0.947396
40 0.947426
40.0938 0.947456
40.1562 0.947485
40.1875 0.947574
40.2891 0.947604
40.3594 0.947634
40.5 0.947663
40.6094 0.947693
40.7188 0.947722
40.7422 0.947752
40.7656 0.947782
40.8125 0.947811
41.125 0.947841
41.1562 0.947871
41.1719 0.9479
41.7188 0.94793
41.8672 0.948019
41.875 0.948048
42.1016 0.948078
42.1953 0.948108
42.25 0.948137
42.5 0.948167
42.5547 0.948197
42.5938 0.948226
42.8125 0.948256
42.9062 0.948286
43.2188 0.948315
43.375 0.948345
43.5312 0.948374
43.6094 0.948404
43.6719 0.948878
43.6875 0.948908
43.7031 0.948938
43.7656 0.95122
44.0781 0.951249
44.2031 0.951279
44.375 0.951308
44.5 0.951338
44.5625 0.951368
44.6875 0.951397
44.9062 0.951427
45.125 0.951457
45.2422 0.951486
45.25 0.951516
45.3281 0.951546
45.4531 0.951575
45.5 0.951634
45.6875 0.951664
45.7266 0.951694
45.8438 0.951723
45.9531 0.951753
46.1875 0.951783
46.2031 0.951812
46.25 0.951871
46.3828 0.951931
46.5625 0.95196
46.75 0.95202
46.7969 0.952049
46.8047 0.952079
47.0859 0.952138
47.3125 0.952642
47.4531 0.952672
47.5938 0.952701
47.6406 0.952731
47.6875 0.95279
47.7656 0.95282
47.8281 0.952849
47.9922 0.952879
48 0.953264
48.0625 0.953294
48.2188 0.953324
48.2812 0.953383
48.375 0.953413
48.5312 0.953442
48.5625 0.953472
48.625 0.955131
49 0.955161
49.0938 0.955191
49.125 0.95522
49.1875 0.95525
49.3516 0.95528
49.5 0.955309
49.8047 0.955339
50.3125 0.955369
50.3594 0.955398
50.7188 0.955457
50.8125 0.955487
50.875 0.955517
51.0781 0.955546
51.125 0.955576
51.25 0.955635
51.3594 0.955961
52.125 0.956021
52.5234 0.95605
52.5469 0.95608
52.75 0.956139
53.375 0.956169
53.6797 0.956198
53.875 0.956524
54 0.956554
54.1562 0.956584
54.1719 0.956613
54.2031 0.956643
54.3438 0.956672
54.375 0.956732
54.4688 0.956761
54.5547 0.956791
54.5625 0.956821
55.0156 0.95685
55.2031 0.95688
55.2422 0.95691
55.25 0.956939
55.5781 0.956969
55.6953 0.956998
56.3125 0.957028
56.3438 0.959251
56.4922 0.95928
56.5 0.95934
56.5625 0.959369
56.8594 0.959399
56.875 0.959429
56.9375 0.959458
57.125 0.959518
57.1562 0.959547
57.4375 0.959577
58.25 0.959606
58.375 0.959666
58.4141 0.959695
58.4375 0.959725
58.4688 0.959755
58.625 0.959784
58.9844 0.959814
59 0.959844
59.3203 0.959873
59.625 0.959903
59.7734 0.959962
59.7812 0.959992
59.8125 0.960021
60 0.960051
60.0312 0.960081
60.5312 0.96011
60.875 0.960199
61.0312 0.960229
61.6406 0.960258
62.4375 0.960288
62.5 0.960318
62.7812 0.960347
63.3125 0.960377
64 0.960407
64.625 0.960466
65.3594 0.960496
65.625 0.960525
65.75 0.960555
66.1719 0.960584
66.25 0.960614
66.5 0.960644
66.5312 0.960673
67.6719 0.960703
67.75 0.960733
68.125 0.960762
68.6875 0.960792
69.25 0.960822
69.3438 0.960851
69.625 0.960881
69.8125 0.96091
69.875 0.96094
70.4062 0.96097
70.6562 0.960999
70.9375 0.961029
71.0625 0.961059
71.0781 0.961385
71.1875 0.961414
71.2656 0.961444
71.4688 0.961473
72.25 0.961503
72.2812 0.961533
72.7656 0.961622
72.9062 0.961651
73 0.961681
73.1875 0.963311
73.75 0.963341
75.25 0.96337
75.75 0.9634
76.1875 0.963429
76.25 0.963459
76.5 0.963489
77.4062 0.963518
77.5312 0.963548
78.3125 0.963578
79 0.963607
79.4062 0.963637
79.9688 0.963667
80 0.963726
80.125 0.963785
80.9531 0.963815
81 0.963844
81.0312 0.963874
81.2031 0.963933
81.4375 0.963963
82 0.963993
82.125 0.964022
82.3438 0.964052
82.4375 0.964081
82.75 0.964111
83.625 0.964141
83.6875 0.964526
83.9219 0.964556
84.0312 0.964585
84.0625 0.964615
84.8594 0.964645
85.0469 0.964674
85.9375 0.964704
86.5 0.964763
86.875 0.964822
87.375 0.964852
88 0.967193
89.2188 0.967223
89.3125 0.967252
89.5 0.967312
89.875 0.967341
89.9375 0.967371
90.0938 0.967401
90.3281 0.96743
90.5 0.96746
90.7188 0.96749
91.5 0.967519
91.75 0.967549
92 0.967578
92.0469 0.967608
93.0156 0.967638
93.25 0.967667
93.375 0.967697
93.7812 0.967727
94.5625 0.967756
94.625 0.967786
94.7031 0.970009
95.4062 0.970038
95.4375 0.970068
95.5312 0.970098
96.1875 0.972379
96.8125 0.972409
98.125 0.972439
98.9219 0.972468
99.25 0.972498
99.3125 0.972972
99.8125 0.973002
100.188 0.973476
100.875 0.973506
101 0.973535
101.656 0.973565
101.875 0.973624
102 0.973683
102.812 0.973713
103.688 0.973743
104 0.973772
104.5 0.973832
105 0.973861
105.25 0.976114
105.344 0.976143
105.969 0.976173
107.062 0.976202
107.5 0.976232
108.5 0.976262
108.625 0.976291
108.938 0.976321
109 0.976351
109.469 0.978573
109.656 0.978603
110.562 0.978662
110.75 0.978692
113.312 0.978722
113.594 0.978751
114.25 0.978781
114.531 0.97881
116.5 0.97884
117.438 0.97887
117.5 0.978899
119.281 0.978929
119.766 0.978959
119.875 0.978988
120 0.979077
120.25 0.979107
120.734 0.979136
123.625 0.979166
124 0.979196
124.125 0.979225
125.5 0.979255
126.25 0.979285
126.5 0.979344
126.906 0.979373
127.25 0.979403
129.5 0.979433
131.219 0.979462
131.344 0.979522
132 0.979581
133.625 0.979611
134 0.97964
134.469 0.97967
134.5 0.979699
135.25 0.979729
136.406 0.979759
136.75 0.979788
136.812 0.979877
137 0.979907
137.5 0.979937
139.375 0.979966
140.688 0.980085
141.5 0.980114
141.75 0.980144
143.5 0.980174
143.562 0.980203
143.844 0.980263
144 0.980292
145.438 0.980322
145.75 0.980351
147.031 0.980381
147.438 0.980411
148 0.98044
150.125 0.98047
150.438 0.9805
151.656 0.980529
155.25 0.980559
155.562 0.982189
156 0.982219
157.125 0.982278
157.906 0.982337
158 0.982367
160.188 0.984589
162 0.984678
164.156 0.984708
167.125 0.984738
168.312 0.984767
170 0.984826
172.188 0.984856
172.438 0.984886
173.812 0.984915
174.438 0.984945
176.188 0.984975
179.75 0.985004
180.094 0.985034
180.938 0.985064
186.5 0.985093
186.562 0.985152
187 0.985212
187.594 0.985241
188.5 0.985271
190.469 0.985301
193.375 0.98533
193.75 0.98536
193.844 0.985686
194.125 0.985716
195.25 0.985745
197.75 0.985775
197.938 0.985834
198.062 0.985864
198.844 0.985893
200 0.985923
200.875 0.985953
201.75 0.985982
203.5 0.986012
204 0.986042
207 0.986071
207.062 0.986101
207.438 0.988324
209.625 0.988353
213.25 0.988383
217.562 0.988412
222.406 0.988442
223.188 0.988472
224 0.988501
224.875 0.988531
231.5 0.988561
231.812 0.98859
234.562 0.98862
236 0.988649
237.75 0.988679
244 0.988709
249 0.988738
252.875 0.988768
259.875 0.988798
266.438 0.988827
268 0.988857
269.5 0.988887
271 0.988916
274 0.988946
278.5 0.988975
283.375 0.989005
284.875 0.989035
284.938 0.989064
288.375 0.989094
288.625 0.989124
290 0.989183
293.5 0.989213
295.125 0.989242
299.312 0.989331
313.375 0.98939
314.75 0.98942
321.625 0.98945
322.938 0.989479
328 0.989509
333.688 0.989539
334 0.989568
334.75 0.990072
336.438 0.990102
340 0.990131
341.25 0.990161
346 0.990191
357.125 0.99022
370.562 0.99025
378 0.990279
380 0.990309
388.375 0.990339
392.375 0.990368
397.75 0.990398
400 0.990428
404 0.99265
408 0.992917
412 0.992947
412.25 0.992976
412.5 0.993006
415.125 0.993036
420 0.993065
431.125 0.993095
445 0.993124
445.75 0.993154
448.125 0.993184
455.438 0.993213
466.188 0.993243
494 0.993273
510 0.993302
516 0.993332
520 0.993362
550.25 0.993391
552 0.994932
574 0.994962
574.5 0.994992
580 0.995021
584 0.995051
600 0.997303
612 0.997333
619.25 0.997362
631.125 0.997392
636 0.997422
640 0.997451
661 0.997481
666.625 0.997511
680 0.99757
684 0.9976
704 0.997629
711.25 0.997659
724 0.997688
726.5 0.997718
743.5 0.997748
746.5 0.997777
753.25 0.997807
754 0.997837
792 0.997866
810 0.997896
816 0.997925
827.5 0.997955
844 0.998014
845.5 0.998044
847.5 0.998074
852 0.998133
873.25 0.998163
908 0.998192
935 0.998222
956 0.998251
960.25 0.998281
976 0.99834
982.5 0.99837
987.25 0.9984
988 0.998429
992 0.998459
994 0.998489
1000 0.998518
1004 0.998548
1012 0.998607
1016.5 0.998637
1053.75 0.998666
1082 0.998696
1129 0.998726
1138 0.998755
1159 0.998785
1182 0.998815
1285.5 0.998844
1287.25 0.998874
1309.25 0.998903
1356 0.998933
1369 0.998963
1379 0.998992
1381.5 0.999022
1408 0.999052
1422.75 0.999081
1499 0.999111
1619 0.999141
1647 0.99917
1652 0.9992
1668 0.999229
1741 0.999259
1763.25 0.999289
1836 0.999318
1992 0.999348
2103.5 0.999378
2163 0.999407
2369.5 0.999437
2391.5 0.999822
3166 0.999852
4628 0.999881
6404 0.999941
15772 1
