0.0078125 8.90287e-05
0.015625 0.000296762
0.0234375 0.000326439
0.03125 0.000623201
0.0390625 0.000682553
0.046875 0.000860611
0.0546875 0.000919963
0.0625 0.00130575
0.0703125 0.00133543
0.078125 0.00151349
0.0859375 0.00157284
0.09375 0.0018696
0.101562 0.00192896
0.109375 0.00210701
0.117188 0.00213669
0.125 0.0024928
0.132812 0.00255216
0.140625 0.00270054
0.148438 0.00275989
0.15625 0.003116
0.164062 0.00317536
0.171875 0.00338309
0.179688 0.00344244
0.1875 0.00373921
0.195312 0.00379856
0.203125 0.00403597
0.210938 0.00406564
0.21875 0.00439208
0.226562 0.00442176
0.234375 0.00457014
0.242188 0.00465917
0.25 0.00501528
0.257812 0.00504496
0.265625 0.00522302
0.273438 0.00525269
0.28125 0.00551978
0.289062 0.00557913
0.296875 0.00578687
0.304688 0.00581654
0.3125 0.00617266
0.320312 0.00620233
0.328125 0.00635071
0.335938 0.00641007
0.34375 0.00676618
0.351562 0.00679586
0.359375 0.00703327
0.367188 0.00709262
0.375 0.00741906
0.382812 0.00747841
0.390625 0.00768614
0.398438 0.00771582
0.40625 0.00804226
0.414062 0.00810161
0.421875 0.00824999
0.429688 0.00830935
0.4375 0.00866546
0.445312 0.00869514
0.453125 0.00890287
0.460938 0.00896222
0.46875 0.00925898
0.476562 0.00931834
0.484375 0.00949639
0.492188 0.00952607
0.5 0.00988219
0.507812 0.00994154
0.515625 0.0101196
0.523438 0.0101789
0.53125 0.0105351
0.539062 0.0105647
0.546875 0.0107428
0.554688 0.0108021
0.5625 0.0110692
0.570312 0.0111286
0.578125 0.0113363
0.585938 0.011366
0.59375 0.0117221
0.601562 0.0117815
0.609375 0.0119298
0.617188 0.0119892
0.625 0.0123453
0.632812 0.0124047
0.640625 0.0125827
0.648438 0.0126421
0.65625 0.0129388
0.664062 0.0129982
0.671875 0.0131762
0.679688 0.0132059
0.6875 0.0135324
0.695312 0.0135917
0.703125 0.0137401
0.710938 0.0138291
0.71875 0.0141852
0.726562 0.0142149
0.734375 0.014393
0.742188 0.0144523
0.75 0.0147788
0.757812 0.0148381
0.765625 0.0150458
0.773438 0.0150755
0.78125 0.015402
0.789062 0.015491
0.796875 0.0156394
0.804688 0.0156987
0.8125 0.0160548
0.820312 0.0160845
0.828125 0.0162626
0.835938 0.0163219
0.84375 0.0166187
0.851562 0.016678
0.859375 0.0168858
0.867188 0.0169451
0.875 0.0173309
0.882812 0.0173903
0.890625 0.0175387
0.898438 0.017598
0.90625 0.0179838
0.914062 0.0180135
0.921875 0.0181915
0.929688 0.0182509
0.9375 0.0185773
0.945312 0.018696
0.953125 0.0189038
0.960938 0.0189631
0.96875 0.0192896
0.976562 0.0193489
0.984375 0.0194973
0.992188 0.0195566
1 0.0199128
1.00781 0.0199424
1.01562 0.0201205
1.02344 0.0201798
1.03125 0.0204766
1.03906 0.020536
1.04688 0.0207734
1.05469 0.020803
1.0625 0.0211888
1.07031 0.0212779
1.07812 0.0214262
1.08594 0.0214856
1.09375 0.0218417
1.10156 0.0219011
1.10938 0.0220791
1.11719 0.0221385
1.125 0.0224352
1.13281 0.0224946
1.14062 0.0227023
1.14844 0.022732
1.15625 0.0230584
1.16406 0.0231178
1.17188 0.0232662
1.17969 0.0233552
1.1875 0.0237113
1.19531 0.023741
1.20312 0.023919
1.21094 0.0239784
1.21875 0.0243048
1.22656 0.0243642
1.23438 0.0245719
1.24219 0.0246016
1.25 0.024928
1.25781 0.0249874
1.26562 0.0251358
1.27344 0.0251951
1.28125 0.0255512
1.28906 0.0255809
1.29688 0.0257886
1.30469 0.0258183
1.3125 0.0261448
1.32031 0.0262338
1.32812 0.0264415
1.33594 0.0265009
1.34375 0.026857
1.35156 0.0268867
1.35938 0.027035
1.36719 0.0270944
1.375 0.0274208
1.38281 0.0274505
1.39062 0.0276582
1.39844 0.0277176
1.40625 0.0280144
1.41406 0.0281034
1.42188 0.0283111
1.42969 0.0283408
1.4375 0.0286969
1.44531 0.0287266
1.45312 0.0289047
1.46094 0.028964
1.46875 0.0293201
1.47656 0.0293498
1.48438 0.0295575
1.49219 0.0295872
1.5 0.0298543
1.50781 0.0299136
1.51562 0.0301214
1.52344 0.0301511
1.53125 0.0304775
1.53906 0.0305072
1.54688 0.0306555
1.55469 0.0307149
1.5625 0.031071
1.57031 0.0311304
1.57812 0.0313084
1.58594 0.0313678
1.59375 0.0316645
1.60156 0.0317239
1.60938 0.0319613
1.61719 0.031991
1.625 0.0323174
1.63281 0.0323768
1.64062 0.0325252
1.64844 0.0326439
1.65625 0.033
1.66406 0.0330296
1.67188 0.0332077
1.67969 0.0332671
1.6875 0.0335935
1.69531 0.0336528
1.70312 0.0338012
1.71094 0.0338309
1.71875 0.034187
1.72656 0.034276
1.73438 0.0344244
1.74219 0.0344838
1.75 0.0348399
1.75781 0.0348696
1.76562 0.0350476
1.77344 0.035107
1.78125 0.0354037
1.78906 0.0354928
1.79688 0.0357005
1.80469 0.0357302
1.8125 0.0360566
1.82031 0.036116
1.82812 0.036294
1.83594 0.0363534
1.84375 0.0366798
1.85156 0.0367392
1.85938 0.0369172
1.86719 0.0369766
1.875 0.0372733
1.88281 0.0373624
1.89062 0.0375998
1.89844 0.0376295
1.90625 0.0380746
1.91406 0.038134
1.92188 0.038312
1.92969 0.0383714
1.9375 0.0387572
1.94531 0.0387868
1.95312 0.0389649
1.96094 0.0390242
1.96875 0.0393507
1.97656 0.03941
1.98438 0.0395881
1.99219 0.0396178
2 0.0404784
2.00781 0.0405377
2.01562 0.0406861
2.02344 0.0407455
2.03125 0.0411016
2.03906 0.0411609
2.04688 0.041339
2.05469 0.0413983
2.0625 0.0416951
2.07031 0.0418138
2.07812 0.0420512
2.08594 0.0421699
2.09375 0.042526
2.10156 0.0426744
2.10938 0.0428228
2.11719 0.0429118
2.125 0.0436241
2.13281 0.0436834
2.14062 0.0438911
2.14844 0.0442473
2.15625 0.044544
2.16406 0.0446034
2.17188 0.0448111
2.17969 0.0448408
2.1875 0.0452563
2.19531 0.0453156
2.20312 0.045464
2.21094 0.0455827
2.21875 0.0459091
2.22656 0.0459388
2.23438 0.0461762
2.24219 0.0462652
2.25 0.046562
2.25781 0.0466214
2.26562 0.0468291
2.27344 0.0468884
2.28125 0.0472149
2.28906 0.0473039
2.29688 0.0474523
2.30469 0.0475116
2.3125 0.0479271
2.32031 0.0479568
2.32812 0.0481645
2.33594 0.0481942
2.34375 0.048491
2.35156 0.0486097
2.35938 0.0487877
2.36719 0.0488174
2.375 0.0492032
2.38281 0.0492625
2.39062 0.0494406
2.39844 0.0495
2.40625 0.0498264
2.41406 0.0498561
2.42188 0.0500341
2.42969 0.0500935
2.4375 0.0504793
2.44531 0.0505386
2.45312 0.050776
2.46094 0.0508057
2.46875 0.0511321
2.47656 0.0515179
2.48438 0.0516663
2.49219 0.0517553
2.5 0.0521115
2.50781 0.0521708
2.51562 0.0523489
2.52344 0.0524082
2.53125 0.0526753
2.53906 0.0527347
2.54688 0.0530018
2.55469 0.0530314
2.5625 0.0535062
2.57031 0.0535656
2.57812 0.053714
2.58594 0.053892
2.59375 0.0542185
2.60156 0.0543075
2.60938 0.0544856
2.61719 0.0545449
2.625 0.0548714
2.63281 0.0549307
2.64062 0.0551978
2.64844 0.0552868
2.65625 0.0557023
2.66406 0.0557913
2.67188 0.0559694
2.67969 0.0560287
2.6875 0.0564145
2.69531 0.0564442
2.70312 0.0566223
2.71094 0.0567113
2.71875 0.057008
2.72656 0.0570674
2.73438 0.0572751
2.74219 0.0573048
2.75 0.0576609
2.75781 0.0577203
2.76562 0.0578687
2.77344 0.057928
2.78125 0.0605395
2.78906 0.0605692
2.79688 0.0607769
2.80469 0.060866
2.8125 0.0611627
2.82031 0.0635665
2.82812 0.0638336
2.83594 0.0638633
2.84375 0.064249
2.85156 0.0643084
2.85938 0.0644865
2.86719 0.0645458
2.875 0.0648722
2.88281 0.0649909
2.89062 0.0651987
2.89844 0.065258
2.90625 0.0655548
2.91406 0.0659703
2.92188 0.0662374
2.92969 0.066267
2.9375 0.0666825
2.94531 0.0667418
2.95312 0.0668902
2.96094 0.0669496
2.96875 0.0673057
2.97656 0.067365
2.98438 0.0675431
2.99219 0.0675728
3 0.0678695
3.00781 0.0679289
3.01562 0.068107
3.02344 0.0681366
3.03125 0.0684927
3.03906 0.0687005
3.04688 0.0688785
3.05469 0.0689379
3.0625 0.0693237
3.07031 0.0693534
3.07812 0.0695314
3.08594 0.0696204
3.09375 0.0700062
3.10156 0.0700656
3.10938 0.0702733
3.11719 0.070303
3.125 0.0706294
3.13281 0.0707185
3.14062 0.0708668
3.14844 0.0709262
3.15625 0.0712823
3.16406 0.071312
3.17188 0.0718165
3.17969 0.0718758
3.1875 0.0722023
3.19531 0.07241
3.20312 0.0726474
3.21094 0.0727661
3.21875 0.0731816
3.22656 0.0732409
3.23438 0.0733893
3.24219 0.0734487
3.25 0.0738048
3.25781 0.0738345
3.26562 0.0740125
3.27344 0.0741016
3.28125 0.0743983
3.28906 0.074517
3.29688 0.0747841
3.30469 0.0748138
3.3125 0.0751996
3.32031 0.0752589
3.32812 0.0754667
3.33594 0.0755854
3.34375 0.0759712
3.35156 0.0760008
3.35938 0.0762086
3.36719 0.0762976
3.375 0.076624
3.38281 0.0766834
3.39062 0.0768318
3.39844 0.0772472
3.40625 0.0776627
3.41406 0.0777221
3.42188 0.0779001
3.42969 0.0779891
3.4375 0.0783749
3.44531 0.0784936
3.45312 0.0787904
3.46094 0.0788497
3.46875 0.0791465
3.47656 0.0792059
3.48438 0.0794433
3.49219 0.079473
3.5 0.0798587
3.50781 0.0799478
3.51562 0.0800962
3.52344 0.0802445
3.53125 0.08066
3.53906 0.0807194
3.54688 0.0808974
3.55469 0.0809568
3.5625 0.0812832
3.57031 0.0813426
3.57812 0.0815503
3.58594 0.08158
3.59375 0.0819658
3.60156 0.0820251
3.60938 0.0821735
3.61719 0.0822922
3.625 0.082678
3.63281 0.0827077
3.64062 0.0829451
3.64844 0.0830044
3.65625 0.0833012
3.66406 0.0833605
3.67188 0.0835979
3.67969 0.0836573
3.6875 0.0839837
3.69531 0.0844289
3.70312 0.0846069
3.71094 0.0847256
3.71875 0.0851708
3.72656 0.0852005
3.73438 0.0854972
3.74219 0.0855863
3.75 0.085883
3.75781 0.0860611
3.76562 0.0862985
3.77344 0.0863282
3.78125 0.0866546
3.78906 0.086714
3.79688 0.0872184
3.80469 0.0872778
3.8125 0.0876636
3.82031 0.0876933
3.82812 0.087901
3.83594 0.0879604
3.84375 0.0882571
3.85156 0.0883165
3.85938 0.0895035
3.86719 0.0895332
3.875 0.0898893
3.88281 0.0899487
3.89062 0.0901267
3.89844 0.0993857
3.90625 0.101968
3.91406 0.101997
3.92188 0.102235
3.92969 0.102294
3.9375 0.104816
3.94531 0.104876
3.95312 0.105143
3.96094 0.105173
3.96875 0.105618
3.97656 0.105677
3.98438 0.105855
3.99219 0.105944
4 0.10633
4.01562 0.106478
4.02344 0.106538
4.03125 0.106834
4.03906 0.106923
4.04688 0.10722
4.0625 0.107547
4.07031 0.107576
4.07812 0.107695
4.08594 0.107725
4.09375 0.108021
4.10938 0.108318
4.11719 0.108348
4.125 0.108615
4.13281 0.108645
4.14062 0.108793
4.14844 0.111019
4.15625 0.111375
4.16406 0.111405
4.17188 0.112829
4.17969 0.112918
4.1875 0.113245
4.20312 0.114432
4.21875 0.114788
4.22656 0.114847
4.23438 0.115144
4.25 0.117963
4.25781 0.117993
4.26562 0.1182
4.27344 0.11823
4.28125 0.118586
4.29688 0.118764
4.30469 0.118824
4.3125 0.119091
4.32031 0.11912
4.32812 0.122563
4.33594 0.122622
4.34375 0.123928
4.35156 0.124017
4.35938 0.124136
4.36719 0.124165
4.375 0.124492
4.39062 0.12464
4.39844 0.12467
4.40625 0.124937
4.41406 0.124967
4.42188 0.125174
4.4375 0.12651
4.44531 0.126539
4.45312 0.126658
4.46094 0.126747
4.46875 0.127103
4.48438 0.127281
4.49219 0.127341
4.5 0.129032
4.50781 0.129062
4.51562 0.12924
4.53125 0.130872
4.53906 0.133157
4.54688 0.133276
4.55469 0.133306
4.5625 0.133662
4.57812 0.134819
4.58594 0.134849
4.59375 0.135205
4.60156 0.135235
4.60938 0.135413
4.61719 0.135442
4.625 0.135769
4.63281 0.135798
4.64062 0.135917
4.64844 0.137282
4.65625 0.140072
4.67188 0.140606
4.67969 0.140636
4.6875 0.14111
4.69531 0.1412
4.70312 0.141378
4.71875 0.14295
4.72656 0.14298
4.73438 0.143158
4.74219 0.143247
4.75 0.147342
4.76562 0.147491
4.77344 0.147521
4.78125 0.150043
4.78906 0.150073
4.79688 0.15028
4.8125 0.150637
4.82031 0.150666
4.82812 0.150815
4.83594 0.150844
4.84375 0.151141
4.85156 0.151171
4.85938 0.151319
4.86719 0.151349
4.875 0.156186
4.88281 0.156216
4.89062 0.156423
4.90625 0.157165
4.91406 0.157195
4.92188 0.157314
4.92969 0.157403
4.9375 0.157848
4.95312 0.158085
4.96094 0.158115
4.96875 0.160726
4.97656 0.160756
4.98438 0.160964
5 0.161409
5.00781 0.161468
5.01562 0.161617
5.02344 0.161676
5.03125 0.162062
5.04688 0.164851
5.05469 0.164881
5.0625 0.165237
5.07031 0.165297
5.07812 0.16773
5.08594 0.16776
5.09375 0.168086
5.10156 0.168116
5.10938 0.169214
5.11719 0.169244
5.125 0.169689
5.14062 0.169837
5.14844 0.169867
5.15625 0.171529
5.16406 0.171618
5.17188 0.171825
5.1875 0.172122
5.19531 0.172152
5.20312 0.17236
5.21094 0.172389
5.21875 0.172745
5.23438 0.175298
5.24219 0.175357
5.25 0.175654
5.25781 0.175713
5.26562 0.178324
5.28125 0.178681
5.28906 0.17871
5.29688 0.181233
5.30469 0.181292
5.3125 0.184111
5.32031 0.184141
5.32812 0.184319
5.33594 0.184349
5.34375 0.185922
5.35156 0.185981
5.35938 0.187494
5.375 0.187821
5.38281 0.187851
5.39062 0.187999
5.39844 0.188029
5.40625 0.188385
5.42188 0.188533
5.42969 0.188563
5.4375 0.189898
5.44531 0.189958
5.45312 0.190136
5.46875 0.191679
5.47656 0.191708
5.48438 0.198742
5.49219 0.198771
5.5 0.199098
5.51562 0.199365
5.52344 0.199395
5.53125 0.199662
5.53906 0.199691
5.54688 0.199869
5.55469 0.199899
5.5625 0.201205
5.57031 0.201235
5.57812 0.201353
5.58594 0.201739
5.59375 0.202095
5.60938 0.202333
5.61719 0.202362
5.625 0.202659
5.63281 0.202778
5.64062 0.205181
5.65625 0.205478
5.66406 0.205508
5.67188 0.205686
5.67969 0.205775
5.6875 0.206131
5.70312 0.206279
5.71094 0.206309
5.71875 0.206576
5.72656 0.206606
5.73438 0.210256
5.75 0.210553
5.75781 0.210583
5.76562 0.210701
5.77344 0.210731
5.78125 0.211057
5.78906 0.211087
5.79688 0.211265
5.80469 0.211295
5.8125 0.212363
5.82031 0.212393
5.82812 0.216399
5.84375 0.218981
5.85156 0.219011
5.85938 0.22367
5.86719 0.223759
5.875 0.224501
5.89062 0.224649
5.89844 0.224679
5.90625 0.227201
5.91406 0.227231
5.92188 0.227409
5.9375 0.22916
5.94531 0.22919
5.95312 0.229338
5.96094 0.229368
5.96875 0.229664
5.98438 0.229842
5.99219 0.229872
6 0.232395
6.00781 0.232424
6.01562 0.234858
6.02344 0.234917
6.03125 0.235243
6.04688 0.235392
6.05469 0.235422
6.0625 0.235778
6.07812 0.236401
6.08594 0.236431
6.09375 0.236698
6.10156 0.236727
6.10938 0.239161
6.11719 0.23919
6.125 0.239487
6.13281 0.239517
6.14062 0.239665
6.14844 0.240882
6.15625 0.241268
6.17188 0.241476
6.17969 0.241535
6.1875 0.244028
6.19531 0.244057
6.20312 0.247618
6.21875 0.248123
6.22656 0.248153
6.23438 0.248271
6.24219 0.248301
6.25 0.248657
6.26562 0.248806
6.27344 0.248835
6.28125 0.249102
6.28906 0.249162
6.29688 0.249696
6.3125 0.250022
6.32031 0.250052
6.32812 0.250171
6.33594 0.2502
6.34375 0.250616
6.35938 0.250824
6.36719 0.253079
6.375 0.25569
6.38281 0.25572
6.39062 0.255898
6.40625 0.257293
6.41406 0.257352
6.42188 0.257501
6.42969 0.257619
6.4375 0.257975
6.45312 0.258183
6.46094 0.258213
6.46875 0.25848
6.47656 0.25851
6.48438 0.258688
6.49219 0.258717
6.5 0.259163
6.50781 0.259192
6.51562 0.260646
6.52344 0.260676
6.53125 0.263258
6.54688 0.263436
6.55469 0.263466
6.5625 0.263762
6.57031 0.263822
6.57812 0.265335
6.59375 0.265662
6.60156 0.265691
6.60938 0.266819
6.61719 0.266849
6.625 0.267264
6.64062 0.267413
6.64844 0.267502
6.65625 0.267798
6.66406 0.267828
6.67188 0.268095
6.6875 0.269431
6.69531 0.26946
6.70312 0.273288
6.71094 0.273318
6.71875 0.273704
6.73438 0.273852
6.74219 0.273882
6.75 0.274208
6.75781 0.274238
6.76562 0.274357
6.78125 0.276909
6.78906 0.276939
6.79688 0.277087
6.80469 0.277117
6.8125 0.277473
6.82812 0.279877
6.83594 0.279906
6.84375 0.280173
6.85156 0.280233
6.85938 0.280411
6.875 0.280767
6.88281 0.280797
6.89062 0.280915
6.89844 0.280975
6.90625 0.281301
6.92188 0.282874
6.92969 0.282904
6.9375 0.283349
6.94531 0.283408
6.95312 0.283586
6.96875 0.286138
6.97656 0.286168
6.98438 0.286376
6.99219 0.286435
7 0.287266
7.01562 0.287414
7.02344 0.287444
7.03125 0.2878
7.03906 0.28783
7.04688 0.289017
7.0625 0.294922
7.07031 0.294952
7.07812 0.295071
7.08594 0.29516
7.09375 0.295486
7.10938 0.295635
7.11719 0.295664
7.125 0.295931
7.13281 0.295961
7.14062 0.296109
7.15625 0.296495
7.16406 0.296525
7.17188 0.296644
7.17969 0.296673
7.1875 0.297029
7.19531 0.297118
7.20312 0.297296
7.21094 0.297326
7.21875 0.297593
7.22656 0.297682
7.23438 0.297949
7.24219 0.297979
7.25 0.298335
7.25781 0.298365
7.26562 0.298484
7.27344 0.298573
7.28125 0.299018
7.29688 0.299225
7.30469 0.299255
7.3125 0.299522
7.32031 0.299582
7.32812 0.29973
7.34375 0.300116
7.35156 0.300145
7.35938 0.300323
7.36719 0.300353
7.375 0.30068
7.39062 0.303113
7.39844 0.303143
7.40625 0.305695
7.41406 0.305725
7.42188 0.305932
7.4375 0.306288
7.44531 0.306318
7.45312 0.306437
7.46094 0.306466
7.46875 0.306793
7.48438 0.30795
7.49219 0.30798
7.5 0.308425
7.50781 0.309998
7.51562 0.310176
7.53125 0.313618
7.53906 0.313648
7.54688 0.313856
7.55469 0.313886
7.5625 0.314242
7.57812 0.31442
7.58594 0.314479
7.59375 0.314746
7.60156 0.314805
7.60938 0.314984
7.625 0.31534
7.63281 0.315399
7.64062 0.315518
7.64844 0.315547
7.65625 0.315933
7.66406 0.315963
7.67188 0.318545
7.67969 0.318574
7.6875 0.318841
7.69531 0.321127
7.70312 0.32359
7.71875 0.326379
7.72656 0.326409
7.73438 0.326528
7.74219 0.329198
7.75 0.329555
7.76562 0.329703
7.77344 0.329733
7.78125 0.33
7.78906 0.330029
7.79688 0.332641
7.8125 0.332967
7.82031 0.333027
7.82812 0.333145
7.83594 0.333175
7.84375 0.333709
7.85938 0.333917
7.86719 0.333947
7.875 0.334214
7.88281 0.334243
7.89062 0.334421
7.90625 0.334748
7.91406 0.334778
7.92188 0.334896
7.92969 0.334926
7.9375 0.335252
7.95312 0.335401
7.96875 0.336885
7.97656 0.336974
7.98438 0.34187
8 0.342108
8.00781 0.342137
8.01562 0.342226
8.03125 0.342553
8.04688 0.342642
8.05469 0.342671
8.0625 0.342939
8.07031 0.345194
8.07812 0.345342
8.09375 0.346589
8.10156 0.346648
8.10938 0.346737
8.11719 0.346767
8.125 0.347182
8.14062 0.347301
8.14844 0.347331
8.15625 0.347627
8.17188 0.347776
8.17969 0.347805
8.1875 0.348073
8.19531 0.350358
8.20312 0.350447
8.21875 0.350803
8.23438 0.350892
8.24219 0.350951
8.25 0.351248
8.25781 0.351278
8.26562 0.351426
8.28125 0.351693
8.28906 0.351723
8.29688 0.351841
8.3125 0.352138
8.32812 0.352287
8.33594 0.352316
8.34375 0.352554
8.35938 0.352702
8.36719 0.352732
8.375 0.352999
8.38281 0.353028
8.39062 0.353117
8.39844 0.353207
8.40625 0.353592
8.42188 0.353681
8.42969 0.353711
8.4375 0.354037
8.44531 0.354097
8.45312 0.354572
8.46875 0.354868
8.47656 0.354898
8.48438 0.355046
8.5 0.355373
8.50781 0.355403
8.51562 0.355492
8.52344 0.355521
8.53125 0.355759
8.54688 0.355907
8.5625 0.356174
8.57031 0.356204
8.57812 0.356293
8.59375 0.356619
8.60938 0.356738
8.61719 0.356768
8.625 0.357035
8.64062 0.357213
8.65625 0.35745
8.66406 0.35748
8.67188 0.357569
8.67969 0.357628
8.6875 0.358014
8.70312 0.358103
8.71094 0.358133
8.71875 0.35837
8.73438 0.358519
8.75 0.358756
8.75781 0.358786
8.76562 0.358875
8.78125 0.359201
8.79688 0.359379
8.80469 0.359409
8.8125 0.359706
8.82812 0.359854
8.84375 0.360121
8.85156 0.360151
8.85938 0.36024
8.875 0.361664
8.89062 0.361753
8.89844 0.361783
8.90625 0.36202
8.91406 0.36205
8.92188 0.362198
8.9375 0.362466
8.94531 0.362495
8.95312 0.362614
8.96875 0.362911
8.98438 0.363
8.99219 0.363029
9 0.363296
9.01562 0.363445
9.03125 0.363682
9.03906 0.363712
9.04688 0.36386
9.0625 0.364127
9.07812 0.364216
9.08594 0.364246
9.09375 0.364483
9.10938 0.36478
9.125 0.365018
9.13281 0.369736
9.14062 0.369825
9.14844 0.369855
9.15625 0.370181
9.16406 0.370359
9.17188 0.370448
9.17969 0.370478
9.1875 0.370805
9.20312 0.370953
9.21875 0.37119
9.22656 0.37125
9.23438 0.371339
9.25 0.371754
9.26562 0.371873
9.27344 0.371962
9.28125 0.372199
9.29688 0.372348
9.3125 0.372644
9.32031 0.372674
9.32812 0.372823
9.34375 0.374336
9.35938 0.374425
9.36719 0.374455
9.375 0.374662
9.38281 0.374811
9.39062 0.374959
9.40625 0.375197
9.41406 0.375226
9.42188 0.375345
9.4375 0.376057
9.45312 0.376206
9.46094 0.376265
9.46875 0.376502
9.48438 0.37671
9.49219 0.37674
9.5 0.377007
9.50781 0.377037
9.51562 0.377126
9.53125 0.37855
9.54688 0.378669
9.55469 0.378698
9.5625 0.378936
9.57812 0.379173
9.59375 0.379411
9.60156 0.37947
9.60938 0.379559
9.625 0.379885
9.64062 0.379974
9.64844 0.380004
9.65625 0.380242
9.67188 0.38042
9.6875 0.380687
9.69531 0.380776
9.70312 0.380865
9.71875 0.381162
9.73438 0.38128
9.74219 0.38131
9.75 0.381577
9.76562 0.381725
9.77344 0.381755
9.78125 0.382022
9.78906 0.382052
9.79688 0.382141
9.8125 0.382467
9.82031 0.382497
9.82812 0.382586
9.83594 0.382616
9.84375 0.382912
9.85938 0.38309
9.875 0.383387
9.88281 0.383417
9.89062 0.383506
9.90625 0.383773
9.92188 0.383862
9.92969 0.383951
9.9375 0.384248
9.95312 0.384396
9.96875 0.384634
9.97656 0.384663
9.98438 0.384752
10 0.385079
10.0156 0.385316
10.0234 0.385376
10.0312 0.385613
10.0469 0.385791
10.0625 0.386088
10.0703 0.386117
10.0781 0.386206
10.0859 0.386236
10.0938 0.386503
10.1094 0.386592
10.1172 0.386622
10.125 0.386859
10.1406 0.387008
10.1562 0.387245
10.1641 0.387275
10.1719 0.387394
10.1875 0.38772
10.2031 0.387868
10.2109 0.387898
10.2188 0.388135
10.2266 0.388195
10.2344 0.388729
10.2422 0.388759
10.25 0.389085
10.2578 0.389115
10.2656 0.389204
10.2812 0.38959
10.2969 0.389679
10.3047 0.389708
10.3125 0.389975
10.3281 0.39137
10.3359 0.391459
10.3438 0.391697
10.3516 0.391726
10.3594 0.391815
10.375 0.392142
10.3906 0.392231
10.3984 0.39226
10.4062 0.392528
10.4219 0.392735
10.4375 0.393329
10.4453 0.393358
10.4531 0.393447
10.4688 0.393715
10.4766 0.39413
10.4844 0.394249
10.4922 0.394278
10.5 0.394546
10.5156 0.394724
10.5312 0.394991
10.5391 0.39502
10.5469 0.395109
10.5547 0.395139
10.5625 0.395465
10.5781 0.395555
10.5859 0.395584
10.5938 0.395822
10.6094 0.39597
10.625 0.396207
10.6328 0.396237
10.6406 0.396326
10.6562 0.396623
10.6719 0.396712
10.6797 0.396742
10.6875 0.397038
10.6953 0.397068
10.7031 0.397216
10.7188 0.397454
10.7266 0.397483
10.7344 0.397572
10.75 0.397958
10.7656 0.398047
10.7734 0.398077
10.7812 0.398314
10.7891 0.398344
10.7969 0.398492
10.8047 0.398522
10.8125 0.39876
10.8203 0.398789
10.8281 0.398908
10.8359 0.398967
10.8438 0.399264
10.8594 0.399353
10.8672 0.399412
10.875 0.399679
10.8906 0.399887
10.9062 0.400154
10.9141 0.400243
10.9219 0.400332
10.9375 0.402885
10.9531 0.402974
10.9609 0.403003
10.9688 0.403241
10.9844 0.403448
11 0.404042
11.0078 0.404072
11.0156 0.404161
11.0234 0.40419
11.0312 0.404813
11.0469 0.404903
11.0547 0.404932
11.0625 0.405199
11.0781 0.405704
11.0938 0.405971
11.1016 0.406001
11.1094 0.406119
11.125 0.406475
11.1406 0.406891
11.1484 0.40692
11.1562 0.407484
11.1719 0.407692
11.1875 0.408048
11.1953 0.408078
11.2031 0.408167
11.2109 0.408493
11.2188 0.40882
11.2344 0.408909
11.2422 0.408938
11.25 0.409235
11.2656 0.409384
11.2812 0.409651
11.2891 0.40968
11.2969 0.409769
11.3125 0.410096
11.3281 0.410185
11.3359 0.410244
11.3438 0.412618
11.3516 0.412707
11.3594 0.412856
11.375 0.413123
11.3828 0.413153
11.3906 0.413242
11.4062 0.413538
11.4141 0.413568
11.4219 0.413983
11.4297 0.414013
11.4375 0.41431
11.4453 0.41434
11.4531 0.414488
11.4609 0.414518
11.4688 0.414755
11.4766 0.414785
11.4844 0.414874
11.4922 0.414933
11.5 0.415349
11.5156 0.415438
11.5234 0.415467
11.5312 0.415734
11.5469 0.415883
11.5625 0.416179
11.5703 0.416209
11.5781 0.416298
11.5938 0.416654
11.6094 0.416743
11.6172 0.416773
11.625 0.41704
11.6406 0.417188
11.6484 0.417218
11.6562 0.417456
11.6641 0.417485
11.6719 0.417574
11.6875 0.41799
11.7031 0.418405
11.7109 0.418435
11.7188 0.418702
11.7266 0.419681
11.7344 0.41983
11.7422 0.419859
11.75 0.420126
11.7578 0.420156
11.7656 0.420245
11.7812 0.420601
11.7891 0.420957
11.7969 0.421046
11.8047 0.421106
11.8125 0.421343
11.8281 0.421492
11.8438 0.422085
11.8516 0.423361
11.8594 0.42345
11.875 0.423806
11.8828 0.425112
11.8906 0.425201
11.8984 0.42532
11.9062 0.425587
11.9219 0.425795
11.9375 0.426032
11.9453 0.426062
11.9531 0.426151
11.9688 0.426477
11.9844 0.426566
11.9922 0.426596
12 0.426833
12.0156 0.426982
12.0312 0.427189
12.0391 0.427219
12.0469 0.427308
12.0547 0.427397
12.0625 0.427753
12.0781 0.427902
12.0938 0.428109
12.1094 0.428258
12.125 0.428465
12.1328 0.428495
12.1406 0.428584
12.1562 0.428822
12.1719 0.429326
12.1797 0.429356
12.1875 0.429742
12.1953 0.429771
12.2031 0.42992
12.2188 0.430127
12.2266 0.430513
12.2344 0.430602
12.2422 0.430632
12.25 0.430958
12.2656 0.431047
12.2734 0.431077
12.2812 0.431285
12.2969 0.431403
12.3125 0.43173
12.3203 0.43176
12.3281 0.431849
12.3359 0.431878
12.3438 0.432145
12.3594 0.432234
12.3672 0.432264
12.375 0.432472
12.3906 0.43265
12.4062 0.432858
12.4141 0.432887
12.4219 0.435202
12.4297 0.435232
12.4375 0.435588
12.4531 0.435677
12.4609 0.435706
12.4688 0.435914
12.4844 0.436063
12.5 0.4363
12.5078 0.43633
12.5156 0.436419
12.5312 0.436686
12.5469 0.436775
12.5547 0.436804
12.5625 0.437042
12.5781 0.43719
12.5938 0.437428
12.6016 0.437457
12.6094 0.437902
12.625 0.438318
12.6406 0.438407
12.6484 0.438437
12.6562 0.438644
12.6641 0.438674
12.6719 0.438822
12.6875 0.43909
12.6953 0.439119
12.7031 0.439208
12.7188 0.439535
12.7344 0.439624
12.7422 0.439653
12.75 0.439861
12.7578 0.440188
12.7656 0.440366
12.7812 0.440573
12.7891 0.440603
12.7969 0.440692
12.8125 0.440959
12.8281 0.441078
12.8359 0.441108
12.8438 0.441315
12.8594 0.441464
12.875 0.441701
12.8828 0.44179
12.8906 0.441879
12.9062 0.442146
12.9141 0.442176
12.9219 0.442265
12.9297 0.442295
12.9375 0.442858
12.9531 0.443007
12.9688 0.443215
12.9766 0.443244
12.9844 0.443393
12.9922 0.443422
13 0.443778
13.0156 0.443956
13.0234 0.443986
13.0312 0.444194
13.0469 0.444372
13.0625 0.444609
13.0703 0.444639
13.0781 0.444728
13.0938 0.445054
13.1094 0.445143
13.1172 0.445173
13.125 0.445411
13.1406 0.445618
13.1562 0.445885
13.1641 0.445915
13.1719 0.446004
13.1875 0.446331
13.2031 0.44642
13.2109 0.446449
13.2188 0.446716
13.2344 0.446865
13.25 0.447072
13.2578 0.447102
13.2656 0.447221
13.2812 0.447488
13.2969 0.447577
13.3047 0.447607
13.3125 0.447844
13.3281 0.447992
13.3438 0.4482
13.3516 0.44823
13.3594 0.448319
13.375 0.448645
13.3906 0.448734
13.3984 0.448764
13.4062 0.448972
13.4219 0.44912
13.4297 0.44915
13.4375 0.449387
13.4453 0.449417
13.4531 0.449536
13.4609 0.449595
13.4688 0.449862
13.4766 0.452266
13.4844 0.452384
13.4922 0.452414
13.5 0.452652
13.5156 0.452859
13.5312 0.453097
13.5469 0.453186
13.5625 0.453483
13.5781 0.453572
13.5859 0.453601
13.5938 0.453809
13.6016 0.453839
13.6094 0.453987
13.625 0.454581
13.6328 0.45461
13.6406 0.454699
13.6562 0.454966
13.6719 0.455055
13.6797 0.455085
13.6875 0.455293
13.7031 0.455441
13.7188 0.455649
13.7266 0.455679
13.7344 0.455768
13.75 0.456094
13.7656 0.456213
13.7734 0.456242
13.7812 0.45645
13.7969 0.456599
13.8125 0.456866
13.8203 0.456895
13.8281 0.456984
13.8438 0.457251
13.8594 0.45734
13.8672 0.457429
13.875 0.457667
13.8906 0.457815
13.9062 0.458023
13.9141 0.458053
13.9219 0.458171
13.9375 0.458824
13.9531 0.458943
13.9609 0.458973
13.9688 0.45918
13.9844 0.459329
14 0.459566
14.0078 0.459596
14.0156 0.459685
14.0312 0.460011
14.0469 0.4601
14.0547 0.46013
14.0625 0.460367
14.0781 0.460575
14.0938 0.460783
14.1016 0.460813
14.1094 0.460902
14.125 0.461198
14.1406 0.461317
14.1484 0.461347
14.1562 0.461584
14.1641 0.461614
14.1719 0.464492
14.1875 0.46473
14.1953 0.464759
14.2031 0.464849
14.2188 0.465116
14.2344 0.465264
14.2422 0.465294
14.25 0.465501
14.2656 0.46562
14.2812 0.465857
14.2891 0.465887
14.2969 0.465976
14.3047 0.466006
14.3125 0.466332
14.3281 0.466421
14.3359 0.466451
14.3438 0.466659
14.3594 0.466807
14.375 0.467045
14.3828 0.467074
14.3906 0.467163
14.4062 0.46743
14.4141 0.46746
14.4219 0.467549
14.4297 0.467579
14.4375 0.467786
14.4531 0.467965
14.4688 0.468172
14.4766 0.468202
14.4844 0.468291
14.5 0.468884
14.5156 0.468973
14.5234 0.469063
14.5312 0.46927
14.5391 0.4693
14.5469 0.469448
14.5625 0.469656
14.5703 0.469686
14.5781 0.469775
14.5938 0.470042
14.6094 0.470131
14.6172 0.470161
14.625 0.470428
14.6328 0.470517
14.6406 0.470695
14.6562 0.470932
14.6641 0.470962
14.6719 0.471051
14.6875 0.471348
14.7031 0.471437
14.7109 0.471466
14.7188 0.471674
14.7344 0.471852
14.75 0.47209
14.7578 0.472119
14.7656 0.472238
14.7812 0.472535
14.7969 0.472624
14.8047 0.472653
14.8125 0.472891
14.8281 0.473009
14.8438 0.473217
14.8516 0.473247
14.8594 0.473336
14.875 0.473573
14.8906 0.473662
14.8984 0.473692
14.9062 0.473929
14.9219 0.474078
14.9375 0.476749
14.9453 0.476778
14.9531 0.476867
14.9688 0.477134
14.9844 0.477223
14.9922 0.477253
15 0.477491
15.0156 0.477669
15.0312 0.477876
15.0391 0.477906
15.0469 0.477995
15.0625 0.478262
15.0703 0.478411
15.0781 0.4785
15.0859 0.478529
15.0938 0.478767
15.1094 0.478915
15.125 0.479182
15.1328 0.479212
15.1406 0.479331
15.1484 0.479479
15.1562 0.479776
15.1719 0.479865
15.1797 0.479894
15.1875 0.480102
15.2031 0.48025
15.2188 0.480458
15.2266 0.480488
15.2344 0.480577
15.2422 0.482803
15.25 0.483159
15.2656 0.483248
15.2734 0.483277
15.2812 0.483485
15.2969 0.483604
15.3125 0.483812
15.3203 0.483841
15.3281 0.48393
15.3438 0.484168
15.3594 0.484257
15.3672 0.484286
15.375 0.484554
15.3906 0.484761
15.4062 0.484969
15.4141 0.484999
15.4219 0.485088
15.4375 0.485384
15.4531 0.485563
15.4609 0.485592
15.4688 0.4858
15.4844 0.486008
15.5 0.486601
15.5078 0.486631
15.5156 0.48672
15.5312 0.487017
15.5469 0.487106
15.5547 0.487135
15.5625 0.487432
15.5781 0.487551
15.5938 0.487759
15.6016 0.487788
15.6094 0.487907
15.625 0.488204
15.6406 0.488352
15.6484 0.488382
15.6562 0.488589
15.6719 0.488738
15.6875 0.488975
15.6953 0.489005
15.7031 0.489094
15.7109 0.489124
15.7188 0.489391
15.7266 0.48945
15.7344 0.489539
15.7422 0.489569
15.75 0.489836
15.7656 0.489984
15.7812 0.490281
15.7891 0.490311
15.7969 0.4904
15.8125 0.490726
15.8281 0.490815
15.8359 0.490845
15.8438 0.491053
15.8594 0.491201
15.875 0.491409
15.8828 0.491438
15.8906 0.491557
15.9062 0.491795
15.9141 0.491824
15.9219 0.491913
15.9297 0.491943
15.9375 0.492151
15.9453 0.49221
15.9531 0.492507
15.9688 0.492714
15.9766 0.492744
15.9844 0.492863
16 0.4931
16.0156 0.493189
16.0234 0.493219
16.0312 0.493427
16.0469 0.493575
16.0625 0.493902
16.0703 0.493931
16.0781 0.49402
16.0938 0.494287
16.1094 0.494376
16.1172 0.494406
16.125 0.494614
16.1328 0.496869
16.1406 0.496988
16.1562 0.497196
16.1641 0.497225
16.1719 0.497314
16.1797 0.497344
16.1875 0.497611
16.2031 0.4977
16.2109 0.49773
16.2188 0.497938
16.2344 0.498056
16.25 0.498294
16.2578 0.498323
16.2656 0.498442
16.2734 0.498768
16.2812 0.499006
16.2969 0.499095
16.3047 0.499125
16.3125 0.499392
16.3281 0.49951
16.3438 0.499718
16.3516 0.499748
16.3594 0.499837
16.375 0.500074
16.3906 0.500163
16.4062 0.500371
16.4219 0.50046
16.4375 0.500727
16.4453 0.500757
16.4531 0.500846
16.4688 0.501202
16.4844 0.501291
16.5 0.501528
16.5156 0.501647
16.5234 0.501677
16.5312 0.501884
16.5391 0.501914
16.5469 0.502003
16.5625 0.50227
16.5781 0.502389
16.5859 0.502419
16.5938 0.502626
16.6094 0.502745
16.625 0.502953
16.6328 0.502982
16.6406 0.503071
16.6562 0.503368
16.6719 0.503457
16.6797 0.503487
16.6875 0.503695
16.6953 0.503754
16.7031 0.503873
16.7188 0.50408
16.7266 0.50411
16.7344 0.504199
16.75 0.504763
16.7656 0.504882
16.7734 0.504911
16.7812 0.505119
16.7969 0.505238
16.8125 0.505446
16.8203 0.505475
16.8281 0.505564
16.8359 0.505594
16.8438 0.505831
16.8594 0.50592
16.8672 0.50598
16.875 0.506247
16.8906 0.506366
16.9062 0.506573
16.9141 0.506603
16.9219 0.506692
16.9375 0.507018
16.9531 0.507167
16.9609 0.507196
16.9688 0.507404
16.9844 0.507523
17 0.508265
17.0078 0.508295
17.0156 0.508384
17.0312 0.508651
17.0469 0.50874
17.0547 0.508769
17.0625 0.509036
17.0781 0.509155
17.0938 0.509363
17.1016 0.509393
17.1094 0.509482
17.125 0.509749
17.1406 0.509867
17.1484 0.509897
17.1562 0.510105
17.1719 0.510223
17.1797 0.510253
17.1875 0.510491
17.1953 0.51052
17.2031 0.510609
17.2188 0.510847
17.2344 0.510965
17.2422 0.510995
17.25 0.511232
17.2656 0.511351
17.2812 0.511589
17.2891 0.511618
17.2969 0.511707
17.3125 0.511974
17.3281 0.512063
17.3359 0.512093
17.3438 0.51239
17.3594 0.512509
17.375 0.512746
17.3828 0.512776
17.3906 0.512865
17.3984 0.512894
17.4062 0.513161
17.4219 0.51325
17.4297 0.51328
17.4375 0.513518
17.4531 0.513636
17.4688 0.513874
17.4766 0.513903
17.4844 0.513992
17.5 0.514289
17.5156 0.514408
17.5234 0.514437
17.5312 0.514645
17.5469 0.514764
17.5625 0.515001
17.5703 0.515031
17.5781 0.51512
17.5938 0.515357
17.6094 0.515862
17.6172 0.515892
17.625 0.516129
17.6406 0.516574
17.6562 0.516841
17.6641 0.516871
17.6719 0.517019
17.6875 0.517286
17.7031 0.517375
17.7109 0.517405
17.7188 0.517613
17.7344 0.517732
17.75 0.517969
17.7578 0.517999
17.7656 0.518088
17.7812 0.518325
17.7969 0.518414
17.8047 0.518444
17.8125 0.518681
17.8281 0.51883
17.8438 0.520076
17.8516 0.520106
17.8594 0.520195
17.875 0.520491
17.8906 0.52058
17.8984 0.52061
17.9062 0.520818
17.9141 0.520848
17.9219 0.520966
17.9375 0.521204
17.9453 0.521233
17.9531 0.521322
17.9609 0.521352
17.9688 0.521589
17.9844 0.521708
17.9922 0.521738
18 0.521975
18.0156 0.522094
18.0312 0.522302
18.0391 0.522331
18.0469 0.52242
18.0625 0.522806
18.0781 0.522895
18.0859 0.522925
18.0938 0.523162
18.1094 0.523281
18.125 0.523489
18.1328 0.523518
18.1406 0.523607
18.1562 0.523845
18.1719 0.523964
18.1797 0.523993
18.1875 0.524231
18.2031 0.524349
18.2188 0.524587
18.2266 0.524616
18.2344 0.524705
18.2422 0.524765
18.25 0.525002
18.2656 0.525091
18.2734 0.525121
18.2812 0.525329
18.2969 0.525447
18.3125 0.525655
18.3203 0.525685
18.3281 0.525803
18.3438 0.526041
18.3594 0.52613
18.3672 0.52616
18.375 0.526427
18.3906 0.526545
18.4062 0.526812
18.4141 0.526872
18.4219 0.526961
18.4375 0.527198
18.4531 0.527376
18.4609 0.527406
18.4688 0.527614
18.4844 0.527732
18.5 0.528
18.5078 0.528029
18.5156 0.528118
18.5312 0.528385
18.5469 0.528474
18.5547 0.52886
18.5625 0.529098
18.5781 0.529216
18.5938 0.529454
18.6016 0.529483
18.6094 0.529572
18.625 0.529869
18.6406 0.529958
18.6484 0.529988
18.6562 0.530285
18.6719 0.530403
18.6875 0.53067
18.6953 0.5307
18.7031 0.530789
18.7188 0.531056
18.7344 0.531175
18.7422 0.531205
18.75 0.531442
18.7578 0.533846
18.7656 0.533964
18.7812 0.534172
18.7891 0.534202
18.7969 0.534321
18.8047 0.534647
18.8125 0.534914
18.8281 0.535003
18.8438 0.535241
18.8594 0.535715
18.875 0.535953
18.8828 0.535982
18.8906 0.536101
18.8984 0.53616
18.9062 0.536398
18.9219 0.536487
18.9297 0.536517
18.9375 0.536754
18.9531 0.536932
18.9688 0.53714
18.9766 0.537169
18.9844 0.537288
19 0.537555
19.0156 0.537674
19.0234 0.537704
19.0312 0.537911
19.0469 0.53803
19.0625 0.539217
19.0703 0.539247
19.0781 0.539336
19.0938 0.539633
19.1094 0.539751
19.1172 0.539781
19.125 0.540018
19.1406 0.540137
19.1562 0.540375
19.1719 0.540464
19.1875 0.540701
19.2031 0.54079
19.2109 0.54082
19.2188 0.541027
19.2266 0.541087
19.2344 0.541205
19.25 0.541473
19.2578 0.541502
19.2656 0.541591
19.2812 0.541829
19.2969 0.542007
19.3047 0.542036
19.3125 0.542274
19.3281 0.542422
19.3438 0.54263
19.3516 0.54266
19.3594 0.542749
19.3672 0.542808
19.375 0.543461
19.3906 0.543609
19.3984 0.543639
19.4062 0.543876
19.4219 0.543995
19.4375 0.544232
19.4453 0.544321
19.4531 0.54441
19.4688 0.544678
19.4844 0.544767
19.4922 0.544796
19.5 0.545034
19.5156 0.545182
19.5312 0.54539
19.5391 0.545419
19.5469 0.545509
19.5625 0.545776
19.5781 0.545865
19.5859 0.545894
19.5938 0.546102
19.6094 0.546221
19.6172 0.54625
19.625 0.548743
19.6328 0.548773
19.6406 0.548862
19.6562 0.549099
19.6719 0.549218
19.6797 0.549248
19.6875 0.549485
19.7031 0.549604
19.7188 0.549812
19.7266 0.549841
19.7344 0.54993
19.75 0.551503
19.7656 0.551592
19.7734 0.551622
19.7812 0.55183
19.7891 0.551859
19.7969 0.551978
19.8125 0.552215
19.8203 0.552245
19.8281 0.552334
19.8438 0.552571
19.8594 0.55272
19.8672 0.55275
19.875 0.552957
19.8906 0.553076
19.9062 0.553313
19.9141 0.553343
19.9219 0.553462
19.9297 0.553788
19.9375 0.554026
19.9531 0.554144
19.9609 0.554174
19.9688 0.554589
19.9766 0.554619
19.9844 0.554767
20 0.555035
20.0078 0.555064
20.0156 0.555153
20.0312 0.55542
20.0469 0.555539
20.0547 0.555598
20.0625 0.555836
20.0781 0.555955
20.0938 0.556192
20.1016 0.556222
20.1094 0.55634
20.125 0.556667
20.1406 0.556785
20.1484 0.556815
20.1562 0.557023
20.1719 0.557201
20.1875 0.557468
20.1953 0.557498
20.2031 0.557587
20.2109 0.557616
20.2188 0.557913
20.2344 0.558002
20.2422 0.558032
20.25 0.558299
20.2656 0.558418
20.2812 0.558625
20.2891 0.558685
20.2969 0.558803
20.3125 0.559041
20.3281 0.55916
20.3359 0.559219
20.3438 0.559456
20.3516 0.559486
20.3594 0.559634
20.375 0.559842
20.3828 0.559901
20.3906 0.56005
20.3984 0.56008
20.4062 0.560347
20.4219 0.560465
20.4297 0.560495
20.4375 0.560703
20.4531 0.560821
20.4609 0.560851
20.4688 0.561089
20.4766 0.561148
20.4844 0.561267
20.5 0.561593
20.5078 0.561623
20.5156 0.561771
20.5234 0.56183
20.5312 0.562068
20.5469 0.562246
20.5547 0.562276
20.5625 0.562602
20.5703 0.562632
20.5781 0.56275
20.5938 0.563047
20.6094 0.563196
20.6172 0.563255
20.625 0.563492
20.6406 0.56367
20.6562 0.563908
20.6641 0.563937
20.6719 0.564086
20.6797 0.564115
20.6875 0.564383
20.6953 0.564412
20.7031 0.564561
20.7109 0.56462
20.7188 0.564946
20.7344 0.565065
20.7422 0.565095
20.75 0.565392
20.7578 0.565451
20.7656 0.56554
20.7812 0.565807
20.7969 0.565955
20.8047 0.565985
20.8125 0.566223
20.8203 0.566252
20.8281 0.56643
20.8438 0.566697
20.8516 0.566727
20.8594 0.566846
20.875 0.567172
20.8828 0.567202
20.8906 0.567291
20.8984 0.56735
20.9062 0.567617
20.9219 0.567766
20.9297 0.567795
20.9375 0.568033
20.9453 0.568092
20.9531 0.56824
20.9609 0.56827
20.9688 0.568597
20.9844 0.568686
20.9922 0.568745
21 0.568953
21.0156 0.56916
21.0234 0.56919
21.0312 0.569428
21.0391 0.569457
21.0469 0.569576
21.0547 0.569606
21.0625 0.570911
21.0781 0.571
21.0859 0.57103
21.0938 0.571297
21.1016 0.571327
21.1094 0.571505
21.1172 0.571535
21.125 0.571831
21.1328 0.571891
21.1406 0.572039
21.1562 0.572365
21.1641 0.572395
21.1719 0.572514
21.1797 0.572544
21.1875 0.57284
21.1953 0.5729
21.2031 0.573078
21.2109 0.573107
21.2188 0.573404
21.2266 0.573434
21.2344 0.573553
21.2422 0.573582
21.25 0.576312
21.2578 0.576342
21.2656 0.576461
21.2734 0.57652
21.2812 0.576787
21.2891 0.576817
21.2969 0.576965
21.3125 0.577232
21.3203 0.577292
21.3281 0.57741
21.3438 0.577707
21.3594 0.577856
21.3672 0.577885
21.375 0.578093
21.3906 0.578271
21.3984 0.578301
21.4062 0.578568
21.4141 0.578627
21.4219 0.578716
21.4297 0.578746
21.4375 0.579043
21.4453 0.579072
21.4531 0.579161
21.4609 0.579191
21.4688 0.579428
21.4844 0.579606
21.4922 0.579636
21.5 0.580081
21.5078 0.580141
21.5156 0.580259
21.5234 0.580289
21.5312 0.580615
21.5469 0.580734
21.5547 0.580794
21.5625 0.58109
21.5781 0.581298
21.5859 0.581328
21.5938 0.581624
21.6016 0.581684
21.6094 0.581803
21.6172 0.581862
21.625 0.582129
21.6328 0.582218
21.6406 0.582337
21.6484 0.582366
21.6562 0.582663
21.6641 0.582693
21.6719 0.58293
21.6797 0.58296
21.6875 0.583197
21.6953 0.583257
21.7031 0.583405
21.7188 0.583702
21.7344 0.586076
21.7422 0.586165
21.75 0.586432
21.7578 0.586462
21.7656 0.58658
21.7734 0.58661
21.7812 0.586877
21.7891 0.586996
21.7969 0.587115
21.8047 0.587144
21.8125 0.5875
21.8203 0.58753
21.8281 0.587678
21.8359 0.587738
21.8438 0.588035
21.8516 0.588064
21.8594 0.588242
21.8672 0.588272
21.875 0.588569
21.8828 0.588598
21.8906 0.588687
21.9062 0.589014
21.9141 0.589044
21.9219 0.589251
21.9297 0.589281
21.9375 0.589578
21.9453 0.589607
21.9531 0.589785
21.9609 0.589815
21.9688 0.590053
21.9766 0.590082
21.9844 0.590201
21.9922 0.590231
22 0.590468
22.0078 0.590498
22.0156 0.590646
22.0234 0.590705
22.0312 0.590943
22.0391 0.590972
22.0469 0.591121
22.0547 0.59118
22.0625 0.591388
22.0703 0.591418
22.0781 0.591536
22.0859 0.591566
22.0938 0.591892
22.1016 0.591922
22.1094 0.59213
22.1172 0.59216
22.125 0.592427
22.1328 0.592456
22.1406 0.592605
22.1484 0.592634
22.1562 0.592901
22.1641 0.592961
22.1719 0.59308
22.1797 0.593109
22.1875 0.593376
22.2031 0.593525
22.2109 0.593584
22.2188 0.593881
22.2344 0.594088
22.2422 0.594118
22.25 0.594356
22.2578 0.594385
22.2656 0.594534
22.2734 0.594563
22.2812 0.594919
22.2891 0.594949
22.2969 0.595068
22.3047 0.595097
22.3125 0.595394
22.3203 0.595424
22.3281 0.595632
22.3359 0.595661
22.3438 0.595958
22.3516 0.596017
22.3594 0.596166
22.3672 0.596196
22.375 0.596463
22.3828 0.596492
22.3906 0.596641
22.3984 0.5967
22.4062 0.596937
22.4219 0.597115
22.4375 0.597353
22.4453 0.597412
22.4531 0.597531
22.4688 0.597798
22.4766 0.597828
22.4844 0.597976
22.4922 0.598035
22.5 0.598303
22.5078 0.598362
22.5156 0.59854
22.5234 0.59857
22.5312 0.598807
22.5391 0.598896
22.5469 0.599044
22.5547 0.599074
22.5625 0.599371
22.5781 0.599519
22.5859 0.599549
22.5938 0.599786
22.6094 0.599964
22.6172 0.599994
22.625 0.600231
22.6328 0.600291
22.6406 0.60041
22.6484 0.600439
22.6562 0.600795
22.6641 0.600825
22.6719 0.600944
22.6797 0.601003
22.6875 0.6013
22.6953 0.601329
22.7031 0.601537
22.7109 0.601567
22.7188 0.601893
22.7266 0.601923
22.7344 0.602071
22.7422 0.602101
22.75 0.602398
22.7578 0.602428
22.7656 0.602576
22.7734 0.602606
22.7812 0.602902
22.7891 0.602932
22.7969 0.60311
22.8047 0.60314
22.8125 0.603377
22.8203 0.603407
22.8281 0.603555
22.8359 0.603585
22.8438 0.603941
22.8516 0.603971
22.8594 0.604089
22.8672 0.604119
22.875 0.604416
22.8828 0.604445
22.8906 0.604624
22.8984 0.604653
22.9062 0.60495
22.9141 0.605009
22.9219 0.605158
22.9297 0.605187
22.9375 0.605514
22.9453 0.605544
22.9531 0.605692
22.9609 0.605751
22.9688 0.606048
22.9766 0.606078
22.9844 0.606196
22.9922 0.606226
23 0.606493
23.0078 0.606553
23.0156 0.606701
23.0234 0.60768
23.0312 0.608036
23.0469 0.608125
23.0547 0.608185
23.0625 0.608481
23.0703 0.608541
23.0781 0.608719
23.0859 0.608749
23.0938 0.609105
23.1016 0.609164
23.1094 0.609312
23.1172 0.609342
23.125 0.609639
23.1328 0.609669
23.1406 0.609817
23.1484 0.609876
23.1562 0.610173
23.1641 0.610203
23.1719 0.61041
23.1797 0.61044
23.1875 0.610707
23.1953 0.610737
23.2031 0.610856
23.2109 0.610885
23.2188 0.611241
23.2266 0.611271
23.2344 0.61139
23.2422 0.611449
23.25 0.611746
23.2578 0.611776
23.2656 0.611983
23.2734 0.612013
23.2812 0.61225
23.2891 0.61231
23.2969 0.614713
23.3047 0.614743
23.3125 0.61504
23.3281 0.615188
23.3359 0.615248
23.3438 0.615515
23.3516 0.615544
23.3594 0.615722
23.3672 0.615752
23.375 0.616079
23.3828 0.616138
23.3906 0.616257
23.3984 0.616286
23.4062 0.616999
23.4141 0.617028
23.4219 0.617147
23.4297 0.617206
23.4375 0.617503
23.4453 0.617533
23.4531 0.617711
23.4609 0.61774
23.4688 0.618008
23.4766 0.618067
23.4844 0.618186
23.4922 0.618215
23.5 0.618601
23.5078 0.618631
23.5156 0.618779
23.5234 0.618868
23.5312 0.619195
23.5391 0.619224
23.5469 0.619402
23.5625 0.61964
23.5703 0.619699
23.5781 0.619877
23.5859 0.619907
23.5938 0.620233
23.6016 0.620263
23.6094 0.620441
23.6172 0.6205
23.625 0.620797
23.6328 0.620856
23.6406 0.621064
23.6484 0.621094
23.6562 0.621391
23.6641 0.62142
23.6719 0.621569
23.6797 0.621598
23.6875 0.625634
23.6953 0.625664
23.7031 0.625783
23.7109 0.625812
23.7188 0.626079
23.7266 0.626109
23.7344 0.626287
23.7422 0.626317
23.75 0.626614
23.7578 0.626673
23.7656 0.626821
23.7734 0.626851
23.7812 0.627177
23.7969 0.627326
23.8047 0.627385
23.8125 0.627623
23.8281 0.627801
23.8359 0.62783
23.8438 0.628186
23.8516 0.628246
23.8594 0.628365
23.8672 0.628394
23.875 0.630976
23.8828 0.631006
23.8906 0.631154
23.8984 0.631213
23.9062 0.63151
23.9141 0.63154
23.9219 0.631748
23.9297 0.631777
23.9375 0.632074
23.9453 0.632133
23.9531 0.632282
23.9609 0.632311
23.9688 0.632638
23.9766 0.632668
23.9844 0.632786
23.9922 0.632846
24 0.633172
24.0156 0.633439
24.0234 0.633469
24.0312 0.635101
24.0391 0.63516
24.0469 0.635279
24.0547 0.635309
24.0625 0.635695
24.0703 0.635724
24.0781 0.635873
24.0859 0.635932
24.0938 0.636258
24.1016 0.636288
24.1094 0.636436
24.125 0.636733
24.1328 0.636793
24.1406 0.636911
24.1562 0.637238
24.1641 0.637267
24.1719 0.637416
24.1797 0.637475
24.1875 0.637742
24.1953 0.637772
24.2031 0.63798
24.2109 0.638009
24.2188 0.638276
24.2266 0.638336
24.2344 0.638484
24.2422 0.638543
24.25 0.63884
24.2656 0.638989
24.2734 0.639048
24.2812 0.639374
24.2891 0.639404
24.2969 0.639642
24.3047 0.639671
24.3125 0.642342
24.3203 0.642401
24.3281 0.64252
24.3359 0.64255
24.3438 0.642906
24.3516 0.642936
24.3594 0.643054
24.3672 0.643114
24.375 0.643381
24.3828 0.64341
24.3906 0.643618
24.3984 0.643648
24.4062 0.643885
24.4141 0.643945
24.4219 0.644093
24.4375 0.644479
24.4453 0.644508
24.4531 0.644657
24.4609 0.644686
24.4688 0.644954
24.4766 0.644983
24.4844 0.645191
24.4922 0.645221
24.5 0.645488
24.5078 0.645547
24.5156 0.645666
24.5234 0.645695
24.5312 0.645992
24.5391 0.646022
24.5469 0.646141
24.5547 0.6462
24.5625 0.646467
24.5703 0.646497
24.5781 0.646675
24.5859 0.646704
24.5938 0.647031
24.6016 0.64709
24.6094 0.647239
24.6172 0.647268
24.625 0.647595
24.6328 0.647624
24.6406 0.647773
24.6484 0.648218
24.6562 0.648485
24.6641 0.648515
24.6719 0.648693
24.6797 0.648722
24.6875 0.64899
24.6953 0.649049
24.7031 0.649197
24.7109 0.649227
24.7188 0.649583
24.7266 0.649613
24.7344 0.649791
24.7422 0.64982
24.75 0.650206
24.7578 0.650236
24.7656 0.650414
24.7734 0.650444
24.7812 0.650681
24.7891 0.65074
24.7969 0.650889
24.8047 0.650918
24.8125 0.651304
24.8203 0.651334
24.8281 0.651482
24.8359 0.651542
24.8438 0.651809
24.8516 0.651838
24.8594 0.652016
24.8672 0.652046
24.875 0.652343
24.8828 0.652402
24.8906 0.652551
24.8984 0.65258
24.9062 0.652907
24.9141 0.652936
24.9219 0.653085
24.9297 0.653144
24.9375 0.653411
24.9453 0.653441
24.9531 0.653678
24.9609 0.653708
24.9688 0.653975
24.9766 0.654034
24.9844 0.654124
24.9922 0.654153
25 0.65445
25.0156 0.654598
25.0234 0.654658
25.0312 0.654954
25.0391 0.654984
25.0469 0.655192
25.0547 0.655281
25.0625 0.655518
25.0703 0.655578
25.0781 0.655726
25.0859 0.655756
25.0938 0.656082
25.1016 0.656112
25.1094 0.65626
25.1172 0.65632
25.125 0.656616
25.1328 0.656676
25.1406 0.656824
25.1484 0.656854
25.1562 0.65715
25.1641 0.65721
25.1719 0.657358
25.1797 0.657388
25.1875 0.657744
25.1953 0.657774
25.2031 0.657892
25.2109 0.657952
25.2188 0.658249
25.2266 0.658278
25.2344 0.658486
25.2422 0.658516
25.25 0.658812
25.2578 0.658872
25.2656 0.65902
25.2734 0.65905
25.2812 0.659347
25.2969 0.659495
25.3047 0.659584
25.3125 0.659881
25.3203 0.65991
25.3281 0.660118
25.3359 0.660148
25.3438 0.660415
25.3516 0.660474
25.3594 0.660623
25.3672 0.660652
25.375 0.661008
25.3828 0.661038
25.3906 0.661157
25.3984 0.661216
25.4062 0.661483
25.4141 0.661513
25.4219 0.661691
25.4297 0.661721
25.4375 0.662017
25.4453 0.662077
25.4531 0.662225
25.4609 0.662255
25.4688 0.662522
25.4766 0.662552
25.4844 0.66267
25.4922 0.66273
25.5 0.662997
25.5078 0.663026
25.5156 0.663175
25.5234 0.663204
25.5312 0.663501
25.5391 0.663561
25.5469 0.663709
25.5547 0.663739
25.5625 0.664124
25.5703 0.664154
25.5781 0.664302
25.5859 0.664362
25.5938 0.664659
25.6016 0.664688
25.6094 0.664896
25.6172 0.664926
25.625 0.665222
25.6328 0.665311
25.6406 0.66546
25.6484 0.66549
25.6562 0.665786
25.6641 0.665816
25.6719 0.665964
25.6797 0.666024
25.6875 0.66632
25.6953 0.66635
25.7031 0.666528
25.7109 0.666558
25.7188 0.666825
25.7266 0.666884
25.7344 0.667033
25.7422 0.667062
25.75 0.667507
25.7578 0.667537
25.7656 0.667686
25.7734 0.667745
25.7812 0.668012
25.7891 0.668042
25.7969 0.66819
25.8047 0.66822
25.8125 0.668516
25.8203 0.668576
25.8281 0.668724
25.8359 0.668754
25.8438 0.66911
25.8516 0.66914
25.8594 0.669288
25.8672 0.669347
25.875 0.669644
25.8828 0.669674
25.8906 0.669882
25.8984 0.669911
25.9062 0.670208
25.9141 0.670267
25.9219 0.670416
25.9297 0.670445
25.9375 0.670831
25.9453 0.670861
25.9531 0.67098
25.9609 0.671039
25.9688 0.671306
25.9766 0.671336
25.9844 0.671514
25.9922 0.671543
26 0.6719
26.0078 0.671959
26.0156 0.672107
26.0234 0.672137
26.0312 0.672463
26.0391 0.672493
26.0469 0.672641
26.0547 0.672701
26.0625 0.672968
26.0703 0.672998
26.0781 0.673176
26.0859 0.673205
26.0938 0.673502
26.1016 0.673561
26.1094 0.67371
26.1172 0.67374
26.125 0.674066
26.1328 0.674096
26.1406 0.674214
26.1484 0.674274
26.1562 0.674541
26.1641 0.67457
26.1719 0.674778
26.1797 0.674808
26.1875 0.675105
26.1953 0.675164
26.2031 0.675312
26.2109 0.675342
26.2188 0.675668
26.2266 0.675698
26.2344 0.675847
26.2422 0.675936
26.25 0.676173
26.2578 0.676292
26.2656 0.676499
26.2734 0.676529
26.2812 0.676826
26.2891 0.676885
26.2969 0.677034
26.3047 0.677063
26.3125 0.67736
26.3203 0.67739
26.3281 0.677538
26.3359 0.677597
26.3438 0.677835
26.3516 0.677864
26.3594 0.678013
26.375 0.67831
26.3828 0.678369
26.3906 0.678517
26.3984 0.678547
26.4062 0.678844
26.4141 0.678873
26.4219 0.679022
26.4297 0.679081
26.4375 0.679378
26.4453 0.679408
26.4531 0.679615
26.4609 0.679645
26.4688 0.679912
26.4766 0.679972
26.4844 0.68009
26.4922 0.68012
26.5 0.680476
26.5078 0.680506
26.5156 0.680654
26.5234 0.680713
26.5312 0.68101
26.5391 0.68104
26.5469 0.681218
26.5547 0.681248
26.5625 0.681515
26.5703 0.681574
26.5781 0.681722
26.5859 0.681752
26.5938 0.682108
26.6016 0.682138
26.6094 0.684512
26.6172 0.684571
26.625 0.684927
26.6328 0.684957
26.6406 0.685135
26.6484 0.685165
26.6562 0.685491
26.6641 0.685551
26.6719 0.685729
26.6797 0.685758
26.6875 0.686085
26.6953 0.686114
26.7031 0.686263
26.7109 0.686322
26.7188 0.686619
26.7266 0.686649
26.7344 0.686827
26.7422 0.686856
26.75 0.687153
26.7578 0.687213
26.7656 0.687331
26.7812 0.687717
26.7891 0.687747
26.7969 0.687895
26.8047 0.687954
26.8125 0.688251
26.8203 0.688281
26.8281 0.688459
26.8359 0.688489
26.8438 0.688756
26.8516 0.688815
26.8594 0.688963
26.8672 0.688993
26.875 0.689349
26.8828 0.689379
26.8906 0.689557
26.8984 0.689616
26.9062 0.689883
26.9141 0.689913
26.9219 0.690091
26.9297 0.690121
26.9375 0.690388
26.9453 0.690447
26.9531 0.690536
26.9609 0.690566
26.9688 0.690892
26.9766 0.690922
26.9844 0.69107
26.9922 0.69113
27 0.691427
27.0156 0.691634
27.0234 0.691664
27.0312 0.691931
27.0391 0.69199
27.0469 0.692139
27.0547 0.692168
27.0625 0.692525
27.0703 0.692554
27.0781 0.693919
27.0859 0.696204
27.0938 0.696501
27.1016 0.696531
27.1094 0.696739
27.1172 0.696768
27.125 0.697065
27.1328 0.697124
27.1406 0.697243
27.1484 0.697273
27.1562 0.697718
27.1641 0.697748
27.1719 0.697896
27.1797 0.697955
27.1875 0.698222
27.1953 0.698252
27.2031 0.69846
27.2109 0.698489
27.2188 0.698786
27.2266 0.698846
27.2344 0.698994
27.2422 0.699024
27.25 0.69938
27.2578 0.699409
27.2656 0.699558
27.2734 0.699617
27.2812 0.699884
27.2891 0.699914
27.2969 0.700151
27.3047 0.700181
27.3125 0.700448
27.3203 0.700507
27.3281 0.700656
27.3359 0.700686
27.3438 0.701012
27.3516 0.701042
27.3594 0.70119
27.3672 0.701249
27.375 0.701516
27.3828 0.701546
27.3906 0.701754
27.3984 0.701784
27.4062 0.70208
27.4141 0.70214
27.4219 0.702288
27.4297 0.702318
27.4375 0.702614
27.4453 0.702644
27.4531 0.702793
27.4609 0.702852
27.4688 0.703119
27.4766 0.703149
27.4844 0.703327
27.4922 0.703356
27.5 0.703653
27.5078 0.703712
27.5156 0.703861
27.5234 0.703891
27.5312 0.704187
27.5391 0.704217
27.5469 0.704365
27.5547 0.704425
27.5625 0.704721
27.5703 0.704751
27.5781 0.704929
27.5859 0.704959
27.5938 0.705256
27.6016 0.705315
27.6094 0.705463
27.6172 0.705493
27.625 0.705879
27.6328 0.705909
27.6406 0.706057
27.6484 0.706116
27.6562 0.706413
27.6641 0.706443
27.6719 0.706621
27.6797 0.70665
27.6875 0.706888
27.6953 0.706947
27.7031 0.707096
27.7109 0.707125
27.7188 0.70757
27.7266 0.7076
27.7344 0.707748
27.7422 0.707808
27.75 0.708105
27.7578 0.708134
27.7656 0.708342
27.7734 0.708372
27.7812 0.708668
27.7891 0.708728
27.7969 0.708876
27.8047 0.708906
27.8125 0.709232
27.8203 0.709262
27.8281 0.70944
27.8359 0.709499
27.8438 0.709766
27.8516 0.709796
27.8594 0.709945
27.8672 0.709974
27.875 0.710212
27.8828 0.710271
27.8906 0.710419
27.8984 0.710479
27.9062 0.710805
27.9141 0.710835
27.9219 0.710983
27.9297 0.711043
27.9375 0.71131
27.9453 0.711339
27.9531 0.711517
27.9609 0.711547
27.9688 0.711903
27.9766 0.711992
27.9844 0.712141
28 0.712497
28.0078 0.712526
28.0156 0.712675
28.0234 0.712734
28.0312 0.713031
28.0391 0.713061
28.0469 0.713298
28.0547 0.713328
28.0625 0.713654
28.0703 0.713713
28.0781 0.713862
28.0859 0.713891
28.0938 0.714218
28.1016 0.714248
28.1094 0.714396
28.1172 0.714455
28.125 0.714722
28.1328 0.714752
28.1406 0.714989
28.1484 0.715019
28.1562 0.715286
28.1641 0.715346
28.1719 0.715464
28.1797 0.715494
28.1875 0.71582
28.1953 0.71585
28.2031 0.715998
28.2109 0.716058
28.2188 0.716325
28.2266 0.716355
28.2344 0.716562
28.2422 0.716592
28.25 0.716918
28.2578 0.716978
28.2656 0.717126
28.2734 0.717156
28.2812 0.717482
28.2891 0.717512
28.2969 0.71766
28.3047 0.71772
28.3125 0.718016
28.3203 0.718046
28.3281 0.718254
28.3359 0.718284
28.3438 0.71861
28.3516 0.718669
28.3594 0.718818
28.3672 0.718847
28.375 0.719293
28.3828 0.719322
28.3906 0.719471
28.3984 0.71953
28.4062 0.719856
28.4141 0.719886
28.4219 0.720094
28.4297 0.720123
28.4375 0.72045
28.4453 0.720509
28.4531 0.720658
28.4609 0.720687
28.4688 0.720984
28.4766 0.721014
28.4844 0.721162
28.4922 0.721221
28.5 0.721489
28.5078 0.721548
28.5156 0.721726
28.5234 0.721756
28.5312 0.722052
28.5391 0.722112
28.5469 0.72226
28.5547 0.72229
28.5625 0.722646
28.5703 0.722676
28.5781 0.722824
28.5859 0.722883
28.5938 0.72315
28.6016 0.72318
28.6094 0.723358
28.6172 0.723388
28.625 0.723655
28.6328 0.723714
28.6406 0.723863
28.6484 0.723892
28.6562 0.724189
28.6641 0.724219
28.6719 0.724367
28.6797 0.724427
28.6875 0.724723
28.7031 0.724901
28.7109 0.724931
28.7188 0.725257
28.7266 0.725317
28.7344 0.725465
28.7422 0.725495
28.75 0.725821
28.7578 0.725851
28.7656 0.725999
28.7734 0.726059
28.7812 0.726355
28.7891 0.726385
28.7969 0.726593
28.8047 0.726623
28.8125 0.72689
28.8203 0.726949
28.8281 0.727097
28.8359 0.727127
28.8438 0.727483
28.8516 0.727513
28.8594 0.727661
28.8672 0.727721
28.875 0.727988
28.8828 0.728017
28.8906 0.728195
28.8984 0.728225
28.9062 0.729768
28.9141 0.729828
28.9219 0.729976
28.9297 0.730006
28.9375 0.730332
28.9453 0.730362
28.9531 0.73051
28.9609 0.730569
28.9688 0.730837
28.9766 0.730866
28.9844 0.731074
28.9922 0.731104
29 0.7314
29.0078 0.73146
29.0156 0.731608
29.0234 0.731638
29.0312 0.731994
29.0391 0.732024
29.0469 0.732172
29.0547 0.732231
29.0625 0.732528
29.0703 0.732558
29.0781 0.732736
29.0859 0.732766
29.0938 0.733062
29.1016 0.733122
29.1094 0.73327
29.1172 0.7333
29.125 0.733626
29.1328 0.733656
29.1406 0.733804
29.1484 0.733864
29.1562 0.73419
29.1641 0.73422
29.1719 0.734427
29.1797 0.734457
29.1875 0.737158
29.1953 0.737217
29.2031 0.737365
29.2109 0.737395
29.2188 0.737751
29.2266 0.737781
29.2344 0.737929
29.2422 0.737989
29.25 0.738315
29.2578 0.738345
29.2656 0.738523
29.2734 0.738552
29.2812 0.738819
29.2891 0.738879
29.2969 0.738998
29.3047 0.741431
29.3125 0.741817
29.3203 0.741846
29.3281 0.741995
29.3359 0.742054
29.3438 0.742351
29.3516 0.742381
29.3594 0.742588
29.3672 0.742618
29.375 0.742974
29.3828 0.743034
29.3906 0.743182
29.3984 0.743212
29.4062 0.743568
29.4141 0.743627
29.4219 0.743775
29.4297 0.743835
29.4375 0.744132
29.4453 0.744161
29.4531 0.744369
29.4609 0.744399
29.4688 0.744695
29.4766 0.744755
29.4844 0.744933
29.4922 0.744962
29.5 0.745319
29.5078 0.745348
29.5156 0.745497
29.5234 0.745556
29.5312 0.745853
29.5391 0.745882
29.5469 0.74606
29.5547 0.74609
29.5625 0.746387
29.5703 0.746446
29.5781 0.746595
29.5859 0.746624
29.5938 0.746921
29.6016 0.746951
29.6094 0.747069
29.6172 0.747129
29.625 0.747426
29.6328 0.747455
29.6406 0.747633
29.6484 0.747663
29.6562 0.747989
29.6641 0.748049
29.6719 0.748257
29.6797 0.748286
29.6875 0.748583
29.6953 0.748613
29.7031 0.748761
29.7109 0.74882
29.7188 0.749087
29.7266 0.749117
29.7344 0.749295
29.7422 0.749325
29.75 0.749592
29.7578 0.749651
29.7656 0.7498
29.7734 0.752055
29.7812 0.752411
29.7891 0.752441
29.7969 0.752589
29.8047 0.752649
29.8125 0.752975
29.8203 0.753005
29.8281 0.753212
29.8359 0.753242
29.8438 0.753509
29.8516 0.753569
29.8594 0.753717
29.8672 0.753776
29.875 0.754132
29.8828 0.754162
29.8906 0.754281
29.8984 0.75434
29.9062 0.754667
29.9141 0.754696
29.9219 0.754904
29.9297 0.754934
29.9375 0.755201
29.9453 0.75526
29.9531 0.755408
29.9609 0.755438
29.9688 0.755794
29.9766 0.755824
29.9844 0.756002
29.9922 0.756061
30 0.756358
30.0078 0.756417
30.0156 0.756625
30.0234 0.756655
30.0312 0.756981
30.0391 0.757041
30.0469 0.757189
30.0547 0.757219
30.0625 0.757575
30.0703 0.757605
30.0781 0.757723
30.0859 0.757783
30.0938 0.758079
30.1016 0.758109
30.1094 0.758287
30.1172 0.758317
30.125 0.758614
30.1328 0.758673
30.1406 0.758821
30.1484 0.758851
30.1562 0.759207
30.1641 0.759237
30.1719 0.759385
30.1797 0.759444
30.1875 0.759712
30.1953 0.759741
30.2031 0.759949
30.2109 0.759979
30.2188 0.760216
30.2266 0.760275
30.2344 0.760453
30.2422 0.760483
30.25 0.760839
30.2578 0.760869
30.2656 0.761077
30.2734 0.761136
30.2812 0.761433
30.2891 0.761462
30.2969 0.761641
30.3047 0.76167
30.3125 0.761967
30.3203 0.762056
30.3281 0.762204
30.3359 0.762234
30.3438 0.762531
30.3516 0.76256
30.3594 0.762709
30.3672 0.762768
30.375 0.763065
30.3828 0.763095
30.3906 0.763332
30.3984 0.763362
30.4062 0.763658
30.4141 0.763748
30.4219 0.763896
30.4297 0.763926
30.4375 0.764252
30.4453 0.764282
30.4531 0.76443
30.4609 0.764489
30.4688 0.767042
30.4766 0.767071
30.4844 0.767249
30.4922 0.767279
30.5 0.767546
30.5078 0.767605
30.5156 0.767783
30.5234 0.767813
30.5312 0.768169
30.5391 0.768199
30.5469 0.768347
30.5547 0.768436
30.5625 0.768733
30.5703 0.768763
30.5781 0.76903
30.5859 0.76906
30.5938 0.769356
30.6016 0.769416
30.6094 0.769564
30.6172 0.769594
30.625 0.76995
30.6328 0.76998
30.6406 0.770128
30.6484 0.770187
30.6562 0.770484
30.6641 0.770514
30.6719 0.770721
30.6797 0.770751
30.6875 0.771048
30.6953 0.771107
30.7031 0.771256
30.7109 0.771285
30.7188 0.771612
30.7266 0.771641
30.7344 0.77176
30.7422 0.771819
30.75 0.772146
30.7578 0.772176
30.7656 0.772383
30.7734 0.772413
30.7812 0.77268
30.7891 0.772739
30.7969 0.772917
30.8047 0.772947
30.8125 0.773244
30.8203 0.773274
30.8281 0.773422
30.8359 0.773481
30.8438 0.773778
30.8516 0.773808
30.8594 0.774015
30.8672 0.774045
30.875 0.774342
30.8828 0.774461
30.8906 0.774609
30.8984 0.774639
30.9062 0.775024
30.9141 0.775054
30.9219 0.775203
30.9297 0.775292
30.9375 0.775588
30.9453 0.775618
30.9531 0.775826
30.9609 0.775855
30.9688 0.776152
30.9766 0.776241
30.9844 0.77639
30.9922 0.776419
31 0.776835
31.0078 0.776864
31.0156 0.777013
31.0234 0.777102
31.0312 0.777369
31.0391 0.777399
31.0469 0.777606
31.0547 0.777636
31.0625 0.777933
31.0703 0.777992
31.0781 0.77814
31.0859 0.77817
31.0938 0.778556
31.1016 0.778586
31.1094 0.778734
31.1172 0.778793
31.125 0.77906
31.1328 0.77909
31.1406 0.779298
31.1484 0.779328
31.1562 0.779624
31.1641 0.779684
31.1719 0.779832
31.1797 0.779862
31.1875 0.780247
31.1953 0.780277
31.2031 0.780426
31.2109 0.780485
31.2188 0.780782
31.2266 0.780811
31.2344 0.781019
31.2422 0.781049
31.25 0.781346
31.2578 0.781435
31.2656 0.781583
31.2734 0.781613
31.2812 0.781969
31.2891 0.781998
31.2969 0.782147
31.3047 0.782206
31.3125 0.782503
31.3203 0.782533
31.3281 0.78274
31.3359 0.78277
31.3438 0.783037
31.3516 0.783096
31.3594 0.783274
31.3672 0.783304
31.375 0.783631
31.3828 0.78366
31.3906 0.783809
31.3984 0.783868
31.4062 0.784135
31.4141 0.784165
31.4219 0.784372
31.4297 0.784402
31.4375 0.784699
31.4453 0.784788
31.4531 0.784936
31.4609 0.784966
31.4688 0.785263
31.4766 0.785292
31.4844 0.785471
31.4922 0.78553
31.5 0.785856
31.5078 0.785886
31.5156 0.786064
31.5234 0.786094
31.5312 0.78639
31.5391 0.78645
31.5469 0.786598
31.5625 0.786925
31.5703 0.786954
31.5781 0.787103
31.5859 0.787162
31.5938 0.787429
31.6016 0.787459
31.6094 0.787637
31.6172 0.787667
31.625 0.787993
31.6328 0.788052
31.6406 0.788201
31.6484 0.78823
31.6562 0.788527
31.6641 0.788557
31.6719 0.788705
31.6797 0.788794
31.6875 0.789061
31.6953 0.789091
31.7031 0.789269
31.7109 0.789299
31.7188 0.789596
31.7266 0.789685
31.7344 0.789863
31.7422 0.789892
31.75 0.790219
31.7578 0.790248
31.7656 0.790397
31.7734 0.790456
31.7812 0.790723
31.7891 0.790753
31.7969 0.790931
31.8047 0.790961
31.8125 0.791287
31.8203 0.791346
31.8281 0.791495
31.8359 0.791524
31.8438 0.79194
31.8516 0.79197
31.8594 0.792118
31.8672 0.792177
31.875 0.792474
31.8828 0.792504
31.8906 0.792771
31.8984 0.792801
31.9062 0.793127
31.9141 0.793216
31.9219 0.793364
31.9297 0.793394
31.9375 0.793691
31.9453 0.793721
31.9531 0.793869
31.9609 0.793928
31.9688 0.794255
31.9766 0.794284
31.9844 0.794462
31.9922 0.794492
32 0.794759
32.0078 0.794848
32.0156 0.794997
32.0234 0.795026
32.0312 0.795412
32.0391 0.795442
32.0469 0.79559
32.0547 0.795679
32.0625 0.795946
32.0703 0.795976
32.0781 0.796184
32.0859 0.796213
32.0938 0.79651
32.1016 0.796569
32.1094 0.796747
32.1172 0.796777
32.125 0.797163
32.1328 0.797193
32.1406 0.797341
32.1484 0.7974
32.1562 0.797727
32.1641 0.797756
32.1719 0.797935
32.1797 0.797964
32.1875 0.798261
32.1953 0.79835
32.2031 0.798498
32.2109 0.798528
32.2188 0.798914
32.2266 0.798944
32.2344 0.799092
32.2422 0.799151
32.25 0.799448
32.2578 0.799478
32.2656 0.799685
32.2734 0.799715
32.2812 0.800012
32.2891 0.800101
32.2969 0.800249
32.3047 0.800279
32.3125 0.800605
32.3203 0.800635
32.3281 0.800783
32.3359 0.800843
32.3438 0.80111
32.3516 0.80114
32.3594 0.801377
32.3672 0.801407
32.375 0.801674
32.3828 0.801733
32.3906 0.801881
32.3984 0.801911
32.4062 0.802297
32.4141 0.802327
32.4219 0.802475
32.4297 0.802534
32.4375 0.802831
32.4453 0.802861
32.4531 0.803069
32.4609 0.803098
32.4688 0.803395
32.4766 0.803484
32.4844 0.803632
32.4922 0.803662
32.5 0.804018
32.5078 0.804048
32.5156 0.804196
32.5234 0.804285
32.5312 0.804612
32.5391 0.804641
32.5469 0.804879
32.5547 0.804908
32.5625 0.805205
32.5703 0.805294
32.5781 0.805443
32.5859 0.805472
32.5938 0.805828
32.6016 0.805858
32.6094 0.806006
32.6172 0.806095
32.625 0.806392
32.6328 0.806422
32.6406 0.80663
32.6484 0.806659
32.6562 0.806956
32.6641 0.807045
32.6719 0.807194
32.6797 0.807223
32.6875 0.807579
32.6953 0.807609
32.7031 0.807757
32.7109 0.807846
32.7188 0.808113
32.7266 0.808143
32.7344 0.808351
32.7422 0.808381
32.75 0.808677
32.7578 0.808737
32.7656 0.808885
32.7734 0.808915
32.7812 0.809271
32.7891 0.809301
32.7969 0.809449
32.8047 0.809538
32.8125 0.809835
32.8203 0.809864
32.8281 0.810042
32.8359 0.810072
32.8438 0.810428
32.8516 0.810517
32.8594 0.810725
32.8672 0.810755
32.875 0.81114
32.8828 0.81117
32.8906 0.811319
32.8984 0.811408
32.9062 0.811675
32.9141 0.811704
32.9219 0.811912
32.9297 0.811942
32.9375 0.812238
32.9453 0.812328
32.9531 0.812476
32.9609 0.812506
32.9688 0.812832
32.9766 0.812862
32.9844 0.81301
32.9922 0.813069
33 0.813366
33.0078 0.814702
33.0156 0.814909
33.0234 0.814939
33.0312 0.815236
33.0391 0.815295
33.0469 0.815444
33.0547 0.815473
33.0625 0.815889
33.0703 0.815918
33.0781 0.816067
33.0859 0.816156
33.0938 0.816482
33.1016 0.816512
33.1094 0.81669
33.1172 0.81672
33.125 0.817016
33.1328 0.817105
33.1406 0.817254
33.1484 0.817283
33.1562 0.817669
33.1641 0.817699
33.1719 0.817847
33.1797 0.817907
33.1875 0.818203
33.1953 0.818233
33.2031 0.81847
33.2109 0.8185
33.2188 0.818827
33.2266 0.818886
33.2344 0.819034
33.2422 0.819064
33.25 0.81942
33.2578 0.81945
33.2656 0.819628
33.2734 0.819687
33.2812 0.819984
33.2891 0.820014
33.2969 0.820192
33.3047 0.820221
33.3125 0.820518
33.3203 0.820607
33.3281 0.820756
33.3359 0.820785
33.3438 0.821141
33.3516 0.821171
33.3594 0.821319
33.3672 0.821408
33.375 0.821676
33.3828 0.821705
33.3906 0.821943
33.3984 0.821972
33.4062 0.822269
33.4141 0.822328
33.4219 0.822477
33.4297 0.822506
33.4375 0.822892
33.4453 0.822922
33.4531 0.8231
33.4609 0.823159
33.4688 0.823456
33.4766 0.823486
33.4844 0.823694
33.4922 0.823723
33.5 0.82402
33.5078 0.824109
33.5156 0.824228
33.5234 0.824257
33.5312 0.824643
33.5391 0.824673
33.5469 0.824821
33.5547 0.824881
33.5625 0.825177
33.5703 0.825207
33.5781 0.825415
33.5859 0.825444
33.5938 0.825741
33.6016 0.825801
33.6094 0.825949
33.6172 0.825979
33.625 0.826335
33.6328 0.826364
33.6406 0.826513
33.6484 0.826572
33.6562 0.826869
33.6641 0.826928
33.6719 0.827166
33.6797 0.827195
33.6875 0.827492
33.6953 0.827581
33.7031 0.827729
33.7109 0.827759
33.7188 0.828115
33.7266 0.828145
33.7344 0.828293
33.7422 0.828382
33.75 0.828738
33.7578 0.828768
33.7656 0.828976
33.7734 0.829006
33.7812 0.829302
33.7891 0.829391
33.7969 0.82954
33.8047 0.829569
33.8125 0.829955
33.8203 0.829985
33.8281 0.830193
33.8359 0.830282
33.8438 0.830578
33.8516 0.830608
33.8594 0.830845
33.8672 0.830875
33.875 0.831172
33.8828 0.831231
33.8906 0.83138
33.8984 0.831409
33.9062 0.831736
33.9141 0.831765
33.9219 0.831914
33.9297 0.831973
33.9375 0.83227
33.9453 0.8323
33.9531 0.832537
33.9609 0.832567
33.9688 0.832863
33.9766 0.832952
33.9844 0.833071
33.9922 0.833101
34 0.833457
34.0078 0.833487
34.0156 0.833635
34.0234 0.833694
34.0312 0.833991
34.0391 0.834021
34.0469 0.834229
34.0547 0.834258
34.0625 0.834644
34.0703 0.834703
34.0781 0.834852
34.0859 0.834881
34.0938 0.835267
34.1016 0.835297
34.1094 0.835445
34.1172 0.835505
34.125 0.835801
34.1328 0.835831
34.1406 0.836068
34.1484 0.836098
34.1562 0.836395
34.1641 0.836484
34.1719 0.836632
34.1797 0.836662
34.1875 0.837018
34.1953 0.837048
34.2031 0.837196
34.2109 0.837315
34.2188 0.837582
34.2266 0.837612
34.2344 0.837849
34.2422 0.837879
34.25 0.838146
34.2578 0.838235
34.2656 0.838383
34.2734 0.838413
34.2812 0.838799
34.2891 0.838828
34.2969 0.838977
34.3047 0.839066
34.3125 0.839363
34.3203 0.839392
34.3281 0.83957
34.3359 0.8396
34.3438 0.839867
34.3516 0.839956
34.3594 0.840104
34.3672 0.840134
34.375 0.84049
34.3828 0.84052
34.3906 0.840668
34.3984 0.840757
34.4062 0.841054
34.4141 0.841084
34.4219 0.841262
34.4297 0.841292
34.4375 0.841588
34.4453 0.841677
34.4531 0.841826
34.4609 0.841855
34.4688 0.842241
34.4766 0.842271
34.4844 0.842449
34.4922 0.842508
34.5 0.842775
34.5078 0.842805
34.5156 0.843042
34.5234 0.843072
34.5312 0.843339
34.5391 0.843458
34.5469 0.843606
34.5547 0.843636
34.5625 0.843992
34.5703 0.844022
34.5781 0.84417
34.5859 0.844229
34.5938 0.844526
34.6016 0.844556
34.6094 0.844793
34.6172 0.844823
34.625 0.84512
34.6328 0.845209
34.6406 0.845357
34.6484 0.845387
34.6562 0.845773
34.6641 0.845802
34.6719 0.845951
34.6797 0.84604
34.6875 0.846336
34.6953 0.846366
34.7031 0.846574
34.7109 0.846604
34.7188 0.8469
34.7266 0.846989
34.7344 0.847138
34.7422 0.847167
34.75 0.847583
34.7578 0.847613
34.7656 0.847761
34.7734 0.84785
34.7812 0.848147
34.7891 0.848176
34.7969 0.848384
34.8047 0.848414
34.8125 0.84877
34.8203 0.848859
34.8281 0.849007
34.8359 0.849037
34.8438 0.849363
34.8516 0.849452
34.8594 0.849601
34.8672 0.84966
34.875 0.849957
34.8828 0.849987
34.8906 0.850254
34.8984 0.850283
34.9062 0.85058
34.9141 0.850669
34.9219 0.850818
34.9297 0.850847
34.9375 0.851292
34.9453 0.851322
34.9531 0.85147
34.9609 0.85153
34.9688 0.851827
34.9766 0.851856
34.9844 0.852034
34.9922 0.852064
35 0.852361
35.0078 0.852479
35.0156 0.852628
35.0234 0.852658
35.0312 0.853043
35.0391 0.853073
35.0469 0.853221
35.0547 0.853281
35.0625 0.853577
35.0703 0.853607
35.0781 0.853845
35.0859 0.853874
35.0938 0.854171
35.1016 0.85429
35.1094 0.854438
35.1172 0.854468
35.125 0.854854
35.1328 0.854883
35.1406 0.855032
35.1484 0.855091
35.1562 0.855388
35.1641 0.855417
35.1719 0.855625
35.1797 0.855655
35.1875 0.855952
35.1953 0.856011
35.2031 0.856159
35.2109 0.856189
35.2188 0.856575
35.2266 0.856604
35.2344 0.856753
35.2422 0.856812
35.25 0.857079
35.2578 0.857109
35.2656 0.857317
35.2734 0.857346
35.2812 0.857643
35.2891 0.857702
35.2969 0.857851
35.3047 0.857881
35.3125 0.858266
35.3203 0.858296
35.3281 0.858444
35.3359 0.858533
35.3438 0.85883
35.3516 0.85886
35.3594 0.859097
35.3672 0.859127
35.375 0.859424
35.3828 0.859513
35.3906 0.859661
35.3984 0.859691
35.4062 0.860077
35.4141 0.860106
35.4219 0.860255
35.4297 0.860373
35.4375 0.86067
35.4453 0.8607
35.4531 0.860937
35.4609 0.860967
35.4688 0.861264
35.4766 0.861353
35.4844 0.861531
35.4922 0.86156
35.5 0.862362
35.5078 0.862391
35.5156 0.86254
35.5234 0.862629
35.5312 0.862925
35.5391 0.862955
35.5469 0.863163
35.5547 0.863193
35.5625 0.863489
35.5703 0.863578
35.5781 0.863727
35.5859 0.863756
35.5938 0.864053
35.6016 0.864083
35.6094 0.864231
35.6172 0.86432
35.625 0.864647
35.6328 0.864676
35.6406 0.864884
35.6484 0.864914
35.6562 0.865211
35.6641 0.8653
35.6719 0.865448
35.6797 0.865478
35.6875 0.865863
35.6953 0.865893
35.7031 0.866041
35.7109 0.866101
35.7188 0.866398
35.7266 0.866427
35.7344 0.866665
35.7422 0.866694
35.75 0.86705
35.7578 0.867169
35.7656 0.867318
35.7734 0.867347
35.7812 0.867733
35.7891 0.867763
35.7969 0.867941
35.8047 0.868
35.8125 0.868297
35.8203 0.868327
35.8281 0.868564
35.8359 0.868594
35.8438 0.86889
35.8516 0.868979
35.8594 0.869157
35.8672 0.869187
35.875 0.869573
35.8828 0.869603
35.8906 0.869751
35.8984 0.86984
35.9062 0.870166
35.9141 0.870196
35.9219 0.870434
35.9297 0.870463
35.9375 0.87076
35.9453 0.870819
35.9531 0.870968
35.9609 0.870997
35.9688 0.871354
35.9766 0.871383
35.9844 0.871532
35.9922 0.87165
36 0.872006
36.0078 0.872036
36.0156 0.872273
36.0234 0.872303
36.0312 0.8726
36.0391 0.872689
36.0469 0.872837
36.0547 0.872897
36.0625 0.873282
36.0703 0.873312
36.0781 0.873461
36.0859 0.87352
36.0938 0.873846
36.1016 0.873876
36.1094 0.874084
36.1172 0.874113
36.125 0.87441
36.1328 0.874499
36.1406 0.874648
36.1484 0.874677
36.1562 0.875004
36.1641 0.875033
36.1719 0.875182
36.1797 0.875271
36.1875 0.875568
36.1953 0.875597
36.2031 0.875775
36.2109 0.875805
36.2188 0.876102
36.2266 0.876191
36.2344 0.876339
36.2422 0.876369
36.25 0.876755
36.2578 0.876784
36.2656 0.876933
36.2734 0.877022
36.2812 0.877348
36.2891 0.877378
36.2969 0.877615
36.3047 0.877645
36.3125 0.877942
36.3203 0.878031
36.3281 0.878179
36.3359 0.878209
36.3438 0.878624
36.3516 0.878654
36.3594 0.878802
36.3672 0.878891
36.375 0.879218
36.3828 0.879247
36.3906 0.879485
36.3984 0.879514
36.4062 0.879811
36.4141 0.879871
36.4219 0.880019
36.4297 0.880049
36.4375 0.880405
36.4453 0.880434
36.4531 0.880583
36.4609 0.880672
36.4688 0.880939
36.4766 0.880969
36.4844 0.881236
36.4922 0.881265
36.5 0.881562
36.5078 0.881622
36.5156 0.88177
36.5234 0.8818
36.5312 0.882185
36.5391 0.882215
36.5469 0.882363
36.5547 0.882452
36.5625 0.882749
36.5703 0.882779
36.5781 0.882987
36.5859 0.883016
36.5938 0.883313
36.6016 0.883402
36.6094 0.88355
36.6172 0.88358
36.625 0.883936
36.6328 0.883966
36.6406 0.884114
36.6484 0.884203
36.6562 0.8845
36.6641 0.88453
36.6719 0.884767
36.6797 0.884797
36.6875 0.885094
36.6953 0.885183
36.7031 0.885331
36.7109 0.885361
36.7188 0.885687
36.7266 0.885717
36.7344 0.885865
36.7422 0.885954
36.75 0.886281
36.7578 0.88631
36.7656 0.886548
36.7734 0.886577
36.7812 0.886904
36.7891 0.886993
36.7969 0.887141
36.8047 0.887171
36.8125 0.887586
36.8203 0.887616
36.8281 0.887764
36.8359 0.887824
36.8438 0.888121
36.8516 0.88815
36.8594 0.888388
36.8672 0.888417
36.875 0.888714
36.8828 0.888803
36.8906 0.888952
36.8984 0.888981
36.9062 0.889367
36.9141 0.889397
36.9219 0.889545
36.9297 0.889604
36.9375 0.889901
36.9453 0.889931
36.9531 0.890198
36.9609 0.890228
36.9688 0.890524
36.9766 0.890584
36.9844 0.890732
36.9922 0.890762
37 0.891118
37.0078 0.891148
37.0156 0.891296
37.0234 0.891385
37.0312 0.891711
37.0391 0.891741
37.0469 0.891949
37.0547 0.891979
37.0625 0.892275
37.0703 0.892335
37.0781 0.892483
37.0859 0.892513
37.0938 0.892898
37.1016 0.892928
37.1094 0.893077
37.1172 0.893195
37.125 0.893492
37.1328 0.893522
37.1406 0.893729
37.1484 0.893759
37.1562 0.894026
37.1641 0.894086
37.1719 0.894234
37.1797 0.894264
37.1875 0.894649
37.1953 0.894679
37.2031 0.894827
37.2109 0.894916
37.2188 0.895213
37.2266 0.895243
37.2344 0.89548
37.2422 0.89551
37.25 0.895807
37.2578 0.895896
37.2656 0.896044
37.2734 0.896074
37.2812 0.896489
37.2891 0.896519
37.2969 0.896667
37.3047 0.896756
37.3125 0.897083
37.3203 0.897113
37.3281 0.89732
37.3359 0.89735
37.3438 0.897676
37.3516 0.897765
37.3594 0.897914
37.3672 0.897943
37.375 0.8983
37.3828 0.898329
37.3906 0.898478
37.3984 0.898567
37.4062 0.898863
37.4141 0.898893
37.4219 0.89913
37.4297 0.89916
37.4375 0.899457
37.4453 0.899516
37.4531 0.899665
37.4609 0.899724
37.4688 0.90008
37.4766 0.90011
37.4844 0.900258
37.4922 0.900318
37.5 0.900614
37.5078 0.900644
37.5156 0.900881
37.5234 0.900911
37.5312 0.901208
37.5391 0.901327
37.5469 0.901475
37.5547 0.901505
37.5625 0.90189
37.5703 0.90195
37.5781 0.902098
37.5859 0.902187
37.5938 0.902484
37.6016 0.902514
37.6094 0.902751
37.6172 0.902781
37.625 0.903077
37.6328 0.903166
37.6406 0.903315
37.6484 0.903345
37.6562 0.90373
37.6641 0.90376
37.6719 0.903908
37.6797 0.903997
37.6875 0.904294
37.6953 0.904324
37.7031 0.904532
37.7109 0.904561
37.7188 0.904858
37.7266 0.904947
37.7344 0.905125
37.7422 0.905155
37.75 0.905541
37.7578 0.90557
37.7656 0.905719
37.7734 0.905808
37.7812 0.906104
37.7891 0.906134
37.7969 0.906371
37.8047 0.906401
37.8125 0.906728
37.8203 0.906817
37.8281 0.906965
37.8359 0.906995
37.8438 0.90741
37.8516 0.90747
37.8594 0.908597
37.8672 0.908686
37.875 0.908983
37.8828 0.909013
37.8906 0.90925
37.8984 0.90928
37.9062 0.909577
37.9141 0.909636
37.9219 0.909784
37.9297 0.909814
37.9375 0.9102
37.9453 0.910229
37.9531 0.910378
37.9609 0.910467
37.9688 0.910764
37.9766 0.910793
37.9844 0.911031
37.9922 0.91106
38 0.911357
38.0078 0.911446
38.0156 0.911595
38.0234 0.911654
38.0312 0.91198
38.0391 0.91201
38.0469 0.912188
38.0547 0.912277
38.0625 0.912603
38.0703 0.912633
38.0781 0.912871
38.0859 0.91293
38.0938 0.913227
38.1016 0.913316
38.1094 0.913464
38.1172 0.913494
38.125 0.91388
38.1328 0.913909
38.1406 0.914058
38.1484 0.914147
38.1562 0.914443
38.1641 0.914503
38.1719 0.91474
38.1797 0.91477
38.1875 0.915067
38.1953 0.915126
38.2031 0.915274
38.2109 0.915304
38.2188 0.91563
38.2266 0.91566
38.2344 0.915809
38.2422 0.915898
38.25 0.916194
38.2578 0.916224
38.2656 0.916461
38.2734 0.916491
38.2812 0.916818
38.2891 0.916907
38.2969 0.917055
38.3047 0.917085
38.3125 0.917441
38.3203 0.91747
38.3281 0.917619
38.3359 0.917708
38.3438 0.918005
38.3516 0.918034
38.3594 0.918242
38.3672 0.918272
38.375 0.918598
38.3828 0.918657
38.3906 0.918806
38.3984 0.918865
38.4062 0.919251
38.4141 0.919281
38.4219 0.919429
38.4297 0.919518
38.4375 0.919874
38.4453 0.919904
38.4531 0.920112
38.4609 0.920141
38.4688 0.920438
38.4766 0.920527
38.4844 0.920675
38.4922 0.920705
38.5 0.921121
38.5078 0.92115
38.5156 0.921299
38.5234 0.921388
38.5312 0.921684
38.5391 0.921714
38.5469 0.921952
38.5547 0.921981
38.5625 0.922278
38.5703 0.922367
38.5781 0.922515
38.5859 0.922545
38.5938 0.92299
38.6016 0.92302
38.6094 0.923168
38.6172 0.923228
38.625 0.923524
38.6328 0.923584
38.6406 0.923821
38.6484 0.923851
38.6562 0.924148
38.6641 0.924237
38.6719 0.924415
38.6797 0.924444
38.6875 0.92483
38.6953 0.92486
38.7031 0.925008
38.7109 0.925127
38.7188 0.925424
38.7266 0.925453
38.7344 0.92572
38.7422 0.92575
38.75 0.926106
38.7578 0.926195
38.7656 0.926344
38.7734 0.926373
38.7812 0.926729
38.7891 0.926759
38.7969 0.926907
38.8047 0.926996
38.8125 0.927323
38.8203 0.927353
38.8281 0.92759
38.8359 0.92762
38.8438 0.927916
38.8516 0.928005
38.8594 0.928154
38.8672 0.928213
38.875 0.928658
38.8828 0.928688
38.8906 0.928836
38.8984 0.928925
38.9062 0.929252
38.9141 0.929341
38.9219 0.929578
38.9297 0.929638
38.9375 0.929934
38.9453 0.930053
38.9531 0.930202
38.9609 0.930231
38.9688 0.930617
38.9766 0.930647
38.9844 0.930825
38.9922 0.930914
39 0.93124
39.0078 0.93127
39.0156 0.931507
39.0234 0.931537
39.0312 0.931863
39.0391 0.931923
39.0469 0.932071
39.0547 0.932101
39.0625 0.932487
39.0703 0.932516
39.0781 0.932665
39.0859 0.932754
39.0938 0.93305
39.1016 0.93308
39.1094 0.933288
39.1172 0.933318
39.125 0.933614
39.1328 0.933703
39.1406 0.933852
39.1484 0.933881
39.1562 0.935306
39.1641 0.935335
39.1719 0.935484
39.1797 0.935603
39.1875 0.935899
39.1953 0.935929
39.2031 0.936166
39.2109 0.936196
39.2188 0.936523
39.2266 0.936641
39.2344 0.936819
39.2422 0.936849
39.25 0.937235
39.2578 0.937264
39.2656 0.937413
39.2734 0.937502
39.2812 0.937799
39.2891 0.937828
39.2969 0.938095
39.3047 0.938125
39.3125 0.938422
39.3203 0.938481
39.3281 0.93863
39.3359 0.938659
39.3438 0.939045
39.3516 0.939075
39.3594 0.939223
39.3672 0.939312
39.375 0.939609
39.3828 0.939639
39.3906 0.939846
39.3984 0.939876
39.4062 0.940173
39.4141 0.940262
39.4219 0.94041
39.4297 0.94044
39.4375 0.940796
39.4453 0.940826
39.4531 0.940974
39.4609 0.941063
39.4688 0.94136
39.4766 0.941389
39.4844 0.941627
39.4922 0.941657
39.5 0.941953
39.5078 0.942042
39.5156 0.942191
39.5234 0.94222
39.5312 0.942636
39.5391 0.942666
39.5469 0.942814
39.5547 0.942933
39.5625 0.943229
39.5703 0.943289
39.5781 0.943526
39.5859 0.943556
39.5938 0.943853
39.6016 0.943942
39.6094 0.94409
39.6172 0.944149
39.625 0.944565
39.6328 0.944594
39.6406 0.944743
39.6484 0.944832
39.6562 0.945129
39.6641 0.945158
39.6719 0.945396
39.6797 0.945425
39.6875 0.945752
39.6953 0.945841
39.7031 0.945989
39.7109 0.946019
39.7188 0.946375
39.7266 0.946434
39.7344 0.946642
39.7422 0.946731
39.75 0.947087
39.7578 0.947117
39.7656 0.947325
39.7734 0.947384
39.7812 0.947681
39.7891 0.9478
39.7969 0.947948
39.8047 0.948007
39.8125 0.948393
39.8203 0.948423
39.8281 0.948571
39.8359 0.94866
39.8438 0.948987
39.8516 0.949046
39.8594 0.949283
39.8672 0.949313
39.875 0.949639
39.8828 0.949728
39.8906 0.949877
39.8984 0.949907
39.9062 0.950292
39.9141 0.950322
39.9219 0.9505
39.9297 0.950589
39.9375 0.951005
39.9453 0.951034
39.9531 0.951242
39.9609 0.951301
39.9688 0.951598
39.9766 0.951687
39.9844 0.951835
39.9922 0.951865
40.2656 0.951895
40.5 0.951925
40.5156 0.951954
40.6094 0.951984
40.7656 0.952014
40.9688 0.952043
41.125 0.952103
41.2109 0.952162
41.4062 0.952192
41.5 0.952221
41.9688 0.952251
42 0.952281
42.1875 0.95234
42.5234 0.95237
42.6719 0.952399
42.6875 0.952459
43 0.952488
43.1562 0.952518
43.375 0.952548
43.5547 0.952577
43.6562 0.952607
43.6875 0.952637
43.75 0.952666
44.5 0.952696
44.625 0.952726
44.8203 0.95513
44.9688 0.955159
45.0156 0.955189
45.0469 0.955219
45.4062 0.955248
45.5938 0.955278
45.6875 0.955308
45.8438 0.955367
46.0469 0.955397
46.1875 0.955426
46.25 0.955456
46.4219 0.955486
46.6328 0.955545
46.7266 0.955575
46.75 0.955604
46.9219 0.955634
46.9297 0.955664
47 0.955693
47.6406 0.955723
47.6562 0.955753
47.75 0.955782
47.8203 0.955812
47.875 0.955901
48.4375 0.955931
48.4453 0.95596
48.5 0.95599
48.9219 0.95602
49 0.956049
49.3516 0.956079
49.8516 0.956109
49.9375 0.956139
50.125 0.956168
50.2578 0.956198
50.4062 0.956228
50.75 0.956257
51 0.956287
51.3438 0.956317
51.6172 0.956346
51.625 0.956376
51.8125 0.956465
52 0.956495
52.0938 0.957741
52.2344 0.957771
52.2969 0.9578
52.3438 0.95783
52.75 0.95786
53 0.957889
53.25 0.957919
53.5 0.957949
53.6562 0.957978
53.7812 0.958008
54.375 0.958038
54.5625 0.958067
54.625 0.958127
54.7812 0.958157
55.2422 0.958186
55.25 0.958246
55.375 0.958275
55.5 0.958305
55.5312 0.958335
56 0.958394
56.0312 0.958424
56.3125 0.958453
56.5 0.958483
56.5938 0.958513
56.8281 0.958542
56.875 0.958572
56.9375 0.958602
57 0.958631
57.0547 0.958661
57.1562 0.958691
57.1875 0.95872
57.2812 0.95878
57.4375 0.958839
58.1875 0.958869
58.4141 0.958898
58.6875 0.958928
58.8672 0.958958
59.0781 0.958987
59.25 0.959017
59.2812 0.959047
59.75 0.959076
61 0.959106
61.75 0.959195
62.0938 0.959225
62.1719 0.959255
62.9375 0.959284
63.125 0.959314
63.3438 0.959344
63.375 0.959373
63.5 0.959403
63.9062 0.959433
64.25 0.959462
65 0.959492
65.5938 0.960471
65.75 0.960501
65.875 0.960531
66.4219 0.96056
66.6719 0.96059
67.5 0.96062
68 0.960679
68.8438 0.960709
69.25 0.960768
69.5 0.960798
69.8125 0.960827
70.4062 0.960857
71.375 0.960916
71.7188 0.960946
71.9844 0.960976
72.3438 0.961005
72.5781 0.961035
72.75 0.961065
73.1719 0.961094
73.6875 0.961124
73.7188 0.961154
74.3594 0.961183
74.4375 0.961213
75.5 0.961243
76.1875 0.961273
76.9844 0.961332
77 0.961362
77.125 0.961391
77.1719 0.961421
77.5 0.961451
78.375 0.96148
78.75 0.96151
79 0.96154
79.0938 0.961569
79.9688 0.961599
80 0.961629
80.5938 0.961658
81.5 0.961688
81.625 0.961718
81.6875 0.961747
82 0.961777
82.75 0.961807
83.625 0.961836
83.6875 0.961866
85.3438 0.961896
85.375 0.963142
85.8594 0.963172
86.0312 0.963201
87 0.963231
87.25 0.96332
87.875 0.96335
87.9531 0.96338
88 0.965665
89.1562 0.965694
89.2188 0.965724
89.6406 0.967979
90 0.968009
90.125 0.968039
90.625 0.970294
90.7031 0.970324
91 0.970353
91.5 0.970413
91.75 0.970442
92.5938 0.970472
93.25 0.970502
94 0.970532
94.2812 0.970621
94.5625 0.97065
95 0.97068
96.625 0.97071
96.7188 0.970739
97.2344 0.970769
97.375 0.970828
97.5 0.970888
97.75 0.970917
98 0.971006
98.1875 0.971036
98.5 0.971066
99.625 0.971095
100.188 0.971125
100.875 0.971184
101 0.971214
101.031 0.971244
101.656 0.971273
102.812 0.971303
103 0.971333
103.938 0.971362
105.75 0.971392
105.953 0.971422
106 0.971451
106.203 0.971481
106.5 0.971511
106.75 0.97154
107.5 0.97157
108.219 0.9716
109.125 0.97163
109.75 0.971659
110.281 0.971689
110.312 0.974122
111.625 0.974211
111.812 0.974538
112 0.974924
112.281 0.974953
113.375 0.974983
113.953 0.975013
115 0.975072
117 0.975102
117.281 0.975131
117.906 0.975161
118.062 0.975191
118.188 0.97522
118.219 0.97525
118.844 0.975339
120 0.975398
120.438 0.975428
121.25 0.975458
122.75 0.975487
122.781 0.975517
123 0.975576
123.25 0.975606
123.5 0.975636
123.531 0.976882
123.938 0.976912
125.125 0.976942
125.5 0.976971
125.875 0.977001
126 0.97706
126.062 0.97804
126.375 0.978069
127.031 0.978099
127.25 0.978129
127.75 0.978188
129 0.978247
129.5 0.978277
129.969 0.978307
130.656 0.978336
130.75 0.978366
131.344 0.978396
131.5 0.978425
132.25 0.978455
132.562 0.978485
133.094 0.978514
134.469 0.978544
134.5 0.978574
135.25 0.978603
136 0.978633
137 0.978663
137.688 0.978722
139.938 0.978752
140.688 0.978841
143.781 0.978871
144.875 0.97893
147.125 0.97896
147.25 0.978989
147.5 0.979019
148.625 0.979049
149.125 0.979078
149.688 0.979108
151.5 0.979138
152.438 0.979167
153.031 0.979197
153.188 0.979227
153.5 0.979256
153.531 0.979286
155.656 0.979316
155.938 0.979345
156 0.979375
157.062 0.979405
157.094 0.979434
158.688 0.979464
159 0.979494
159.25 0.979523
161.031 0.979553
161.688 0.979583
163.375 0.979612
164 0.979642
164.188 0.979672
164.5 0.979701
166.438 0.979731
167 0.979761
171.75 0.97979
172 0.97982
173.594 0.97985
174.5 0.97988
176.5 0.979909
177 0.979939
178.562 0.979969
180.25 0.979998
181.75 0.980028
183 0.980087
184.188 0.980117
185.5 0.980147
186.25 0.980176
187.75 0.980206
189.25 0.980236
190 0.980265
190.375 0.980295
191.25 0.980354
191.5 0.980681
191.938 0.98071
193.875 0.98074
195.219 0.98077
195.406 0.982996
199.312 0.983055
200.875 0.985459
201.75 0.985488
202.438 0.985577
203.062 0.985607
203.5 0.985637
203.875 0.985666
204 0.985696
204.375 0.985726
207.75 0.985755
208.75 0.985785
211.188 0.985815
212 0.985844
215.875 0.985874
216.969 0.985904
217.875 0.985933
220.562 0.985993
221 0.986022
222.5 0.986052
223.375 0.986082
226.062 0.986112
228 0.986201
230.5 0.98623
233.5 0.98626
233.688 0.98629
234 0.986319
235.094 0.986349
235.75 0.986379
242 0.986408
244 0.986438
250 0.986468
253 0.986497
253.375 0.986527
255.75 0.986557
255.812 0.986586
256 0.986616
257 0.986646
259 0.986675
260 0.987002
260.5 0.987031
266.5 0.987061
269.125 0.989317
271 0.989346
287.5 0.989406
296.125 0.989435
296.562 0.989465
298 0.989495
304 0.989524
304.438 0.989554
312 0.989969
314 0.989999
315.938 0.990029
320.25 0.990058
320.75 0.990088
324 0.990118
326 0.990147
328.188 0.990207
334.75 0.990237
335.25 0.990296
336 0.990326
340 0.990355
355.625 0.990385
356 0.990415
369.5 0.990444
376.938 0.990474
380 0.990504
383.5 0.990533
386.5 0.990563
388.25 0.990593
388.375 0.990622
404 0.990682
412 0.990711
418 0.990741
424 0.990771
427.5 0.9908
432.188 0.99083
433.25 0.99086
436 0.990919
446.25 0.990949
448.375 0.990978
454 0.991038
460 0.991067
464 0.991127
469.625 0.991156
472 0.991186
474 0.991216
476 0.991246
477 0.991275
488.5 0.991305
489.75 0.991335
496.75 0.991364
502.75 0.991394
507.5 0.991424
511.625 0.991453
535 0.991483
539.5 0.991513
574 0.991542
592 0.991572
602.5 0.991602
608 0.991631
620 0.991661
620.5 0.991691
621.5 0.99172
624.5 0.99175
628.75 0.99178
637.25 0.991809
654 0.991839
660 0.994065
668 0.994124
697 0.994154
700 0.994243
709 0.994272
709.375 0.994302
720 0.994391
726.25 0.994421
732.5 0.99448
736.375 0.99451
742.5 0.99454
744.625 0.994569
748 0.994629
750.75 0.994658
760 0.997062
764 0.997121
776.125 0.997151
780 0.997893
790 0.997923
792.5 0.997952
820 0.997982
832 0.998041
841.5 0.998101
844 0.99813
848 0.99816
854 0.99819
896 0.998219
908 0.998249
925.5 0.998279
937.875 0.998308
949.25 0.998338
976 0.999288
980 0.999317
988 0.999347
1010.25 0.999377
1011.75 0.999406
1054.5 0.999436
1066 0.999466
1068 0.999496
1177.25 0.999525
1196.25 0.999555
1204 0.999585
1215.25 0.999614
1236 0.999644
1369 0.999674
1495.5 0.999703
1552.5 0.999733
1704 0.999763
1732 0.999792
1894 0.999822
1926 0.999852
4322 0.999881
5380 0.999941
6988 1
