7921
2787
1863
1843
1606
1603
1804
1603
1714
1898
1454
1571
1461
1848
2085
1752
2001
1856
1704
1612
1640
1615
1626
1791
1879
1843
1744
1467
1710
1689
1825
1594
1675
2397
1838
1528
2055
1534
1701
1512
1681
1994
1683
1821
1770
1757
1626
1651
1707
1583
1779
1745
1636
1536
1724
1623
1606
1579
1912
1618
1639
1808
1588
1673
1610
1849
1747
1591
1449
1690
1696
1932
1868
1253
1739
1877
1702
1811
1699
1210
1832
1918
1710
2031
1823
1698
1498
1448
1544
1718
1618
1846
1775
1581
1532
1812
1563
1851
1907
1609
1620
1576
1462
1625
1550
1676
1531
1778
1724
1645
1682
1742
1678
1820
1497
1606
1750
1654
1864
1733
1843
1718
1205
1696
1879
1679
1771
1676
1571
2397
1715
1862
1809
1655
1605
1846
1750
1762
1635
2315
2083
1898
1747
1928
1534
1949
2002
1870
1765
1823
1896
1774
1668
1629
1600
1796
1759
1832
1751
1585
1912
2676
1829
1775
1838
1690
1803
1858
1877
1704
1578
1717
1845
1751
1778
1623
2225
1664
1963
1855
2153
1750
1993
2014
1732
1827
1846
1774
1927
1860
1750
1644
1738
1835
1779
1244
2081
1611
1738
1609
1675
1854
2211
1639
1829
1780
1772
1772
1566
1549
1718
1701
2041
1606
1881
1205
1907
1847
1753
1908
1715
1698
2125
1841
1848
1738
2160
1779
1832
1757
1797
1770
1770
1857
1755
1909
1943
1858
1942
2119
1739
1584
1681
2417
1867
1930
2101
1914
1672
1648
1911
1872
1755
2138
2023
2202
1681
1881
1973
1715
1920
1758
1770
1813
1578
1774
1839
1789
1986
1561
1567
1736
1940
1701
1861
1791
1917
1765
2019
2054
1841
1940
1863
1556
2015
1690
1909
1741
1696
1581
1597
1828
1990
1887
1663
1996
1857
1930
1700
1593
1701
1714
1885
1544
1935
1710
1570
1522
1667
1633
1765
1745
1669
1732
1508
1707
1731
2181
1943
2204
1816
2061
1774
2306
2016
1965
1627
1608
1760
1634
1713
1632
1713
1557
1602
1930
1564
2060
1568
1667
2069
1792
1566
1622
1688
1561
1837
1713
1566
1768
1864
1799
1619
1776
1811
1745
2159
1523
1593
1576
1667
1787
1591
1869
1630
1741
1754
1527
1988
1671
1846
1673
1872
1668
1535
1544
1759
1627
1624
1554
1604
1694
1388
1523
1560
2490
2035
1576
1711
1832
1841
1865
1776
1776
1591
1760
1802
1771
1824
1530
1560
1633
1552
1643
1597
1573
1792
1541
1931
1674
1884
1604
1525
1518
1608
1712
1867
2149
1826
1760
1785
1778
1791
1934
1638
1804
1864
1817
1530
1856
1826
1726
2149
1823
1656
1860
1333
1926
1689
1724
1748
1582
1896
1391
1593
1926
1880
1353
1613
1630
1696
1708
1807
1586
1873
1885
1475
1780
2282
1726
1761
1513
1662
1709
1622
1707
1590
1691
1759
1637
1505
1713
1609
1906
1785
1559
1677
2014
1769
1594
1396
1829
1756
1735
1836
1604
1702
1726
1858
1637
2080
1838
1742
1634
1882
1491
2018
1391
1323
1558
1567
1544
1550
1592
1618
1865
1653
1707
1738
1636
1562
1602
2987
1423
1506
1329
1462
1392
1401
1275
1397
1339
1336
1332
1383
1478
1284
1289
1335
1396
1294
1285
1269
1295
1253
1481
1249
1333
1340
1280
1394
1288
1337
1295
1398
1296
1293
1401
1377
1637
1415
1311
1302
1290
1394
1468
1383
1415
1330
1393
1422
1399
1396
1352
1294
1393
1294
1468
1290
1377
1390
1391
1385
1446
1350
1341
1340
1292
1296
1287
1349
1331
1307
1298
1346
1288
1305
1386
1443
1303
1441
1336
1402
1385
1297
1307
1273
1301
1284
1390
1281
1382
1397
1278
1389
1288
1527
1286
1411
1442
1462
1437
1283
1393
1296
1752
1334
1384
1306
1400
1329
1443
1484
1351
1379
1285
1333
1293
1291
1267
1404
1393
1399
1337
1394
1390
1321
1422
2175
1304
1508
1331
1303
1277
1288
1378
1322
1387
1446
1332
1412
1390
1442
1297
1333
1306
1258
1361
1390
1375
1378
1372
1321
1309
1286
1297
1440
1281
1698
1405
1314
1291
1261
1296
1390
1429
1402
1397
1307
1303
1381
1295
1273
1289
1389
1402
1604
1397
1313
1316
1284
1407
1397
1282
1439
1300
1291
1440
1328
1383
1393
1296
1860
1329
1387
1396
1321
1254
1281
1437
1299
1259
1304
1386
1310
1390
1308
1379
1391
1396
1430
1285
1441
1313
1334
1310
1299
1440
1280
1389
1296
1278
1274
1420
1281
1329
1371
1265
1388
1396
1392
1387
1430
1391
1294
1309
1271
1289
1393
1375
1288
1304
1333
1513
1292
1319
1387
1266
1287
1332
1395
1448
1568
1460
1413
1343
1312
1332
1398
1339
1412
1275
1390
1291
1399
1268
1291
1332
1394
1293
1328
1343
1398
1386
1391
1506
1461
1332
1301
1323
1267
1319
1297
1300
1395
1398
1281
1343
1323
1426
1463
1295
1366
1289
1446
1305
1399
1284
1313
1511
1382
1468
1286
1329
1263
1389
1388
1379
1400
1396
1438
1379
1299
1378
1349
1347
1334
1254
1289
1428
1565
1326
1428
1282
1435
1296
1285
1426
1296
1398
1416
1392
1315
1297
1303
1288
1326
1322
1306
1388
1433
1299
1325
1303
1327
1341
1277
1399
1322
1289
1400
1389
1286
1396
1316
1386
1291
1388
1451
1334
1293
1396
1412
1394
1330
1297
1400
1304
1397
1298
1391
1369
1304
1281
1320
1271
1267
1297
1385
1393
1286
1296
1335
1286
1443
1401
1332
1430
1290
1442
1421
1397
1277
1280
1439
1329
1389
1303
1282
1446
1419
1386
1295
1288
1336
1313
1447
1307
1335
1416
1399
1434
1315
1410
1319
1278
1461
1420
1275
1292
1300
1271
1264
1295
1335
1345
1400
1292
1386
1381
1393
1613
1409
1270
1300
1437
1400
1317
1289
1280
1300
1297
1331
1300
1440
1343
1324
1306
1356
1322
1434
1296
1313
1282
1301
1510
1285
1293
1414
1284
1384
1303
1301
1306
1411
1401
1387
1655
1400
1384
1310
1278
1306
1386
1397
1274
1281
1337
1300
1320
1297
1352
1407
1312
1303
1275
1273
1397
1404
1398
1310
1293
1519
1285
1407
1307
1418
1303
1354
1421
1304
1385
1338
1395
1297
1293
1341
1393
1303
1329
1282
1395
1295
1299
2042
1348
1490
1415
1316
1333
1339
1404
1449
1399
1342
1305
1302
1311
1332
1314
1419
1386
1393
1296
1363
1323
1397
1399
1311
1395
1517
1421
1335
1321
1318
1437
1304
1310
1297
1302
1402
1350
1306
1343
1293
1307
1340
1343
1463
1355
1395
1301
1285
1344
1401
1405
1337
1302
1299
1299
1316
1340
1470
1372
1410
1378
1393
1337
1317
1294
1398
1400
1341
1287
1339
1347
1417
1400
1569
1324
1402
1328
1291
1332
1357
1300
1304
1654
1384
1261
1340
1294
1267
1262
1278
1389
1392
1332
1395
1290
1285
1344
1393
1330
1281
1443
1323
1299
1284
1284
1289
1297
1283
1288
1391
1508
1391
1295
1397
1356
1289
1288
1327
1280
1313
1259
1267
1265
1264
1303
1313
1395
1272
1394
1257
1390
1336
1293
1272
1259
1259
1397
1386
1389
1386
1303
1260
1270
1384
1382
1382
1381
1327
1381
1272
1340
1289
1295
1334
1333
1395
1275
1436
1291
1388
1330
1376
1390
1388
1299
1422
1446
1279
1556
1289
1296
1402
1394
1330
1385
1318
1395
1313
1385
1295
1381
1273
1408
1446
2031
1300
1389
1397
1279
1285
1391
1298
1274
1388
1348
1297
1333
1431
1314
1655
1303
1264
1344
1292
1279
1285
1450
1289
1397
1286
1391
1295
1432
1458
1404
1266
1392
1641
1383
1296
1387
1285
1324
1314
1293
1389
1431
1392
1292
1389
1398
1338
1277
1392
1515
1296
1269
1390
1309
1421
1433
1311
1295
1265
1508
1259
1389
1258
1304
1396
1334
1333
1288
1385
1393
1431
1269
1282
1399
1373
1423
1325
1288
1505
1658
1395
2058
1395
1388
1593
1386
1999
2121
1388
1455
1429
1305
1387
1459
1312
1340
1306
1519
1283
1302
1307
1461
1424
1277
1432
1268
1286
1420
1407
1451
1389
1314
1340
1335
1313
1418
1378
1405
1377
1268
1292
1300
1320
1289
1427
1301
2084
1308
1334
1329
1342
1275
1391
1317
1549
1307
1397
1396
1395
1302
1263
1291
1280
1393
1293
1288
1386
1398
1303
1333
1313
1344
1435
1401
1438
1435
1322
1386
1287
1317
1387
1421
1290
1331
1398
1330
1296
1289
1346
1289
1341
1335
1287
1310
1282
1301
1303
1434
1427
0
1321
1307
1403
1302
1518
1397
1304
1416
1269
1395
1368
1314
1384
1386
1416
1284
1388
1302
1406
1328
1373
1293
1324
1300
1290
1309
1395
1382
1388
1283
1466
1308
1381
1291
1278
1286
1446
1281
1597
1379
1255
1291
1286
1290
1436
1387
1363
1640
1342
1387
1273
1398
1294
1287
1300
1389
1387
1280
1436
1289
1322
1428
1386
1299
1387
1297
1305
1433
1385
1388
1295
1388
1415
1867
1295
1380
1285
1324
1391
1280
1347
1394
1346
1401
1429
1390
1388
1331
1417
1303
1275
1380
1318
1326
1283
1280
1284
1286
1314
1286
1280
1537
1399
1439
1384
1398
1331
1380
1393
1371
1390
1315
1299
1306
1388
1406
1300
1280
1329
1295
1391
1273
1386
1431
1309
1392
1264
1269
1368
1295
1549
1431
1285
1286
1384
1407
1397
1298
1427
1387
1286
1391
1341
1385
1286
1338
1772
1437
1301
1307
1442
1337
1325
1412
1291
1390
1393
1390
1395
1294
1407
1273
1300
1303
1267
1298
1392
1289
1372
1295
1444
1299
1280
1293
1292
1402
1292
1336
1286
1467
1298
1261
1278
1403
1294
1299
1260
1259
1259
1248
1291
1283
1431
1318
1331
1325
1310
1335
1861
1332
1334
1302
1384
1288
1421
1382
1535
1295
1293
1380
1324
1302
1273
1300
1394
1280
1271
1306
1436
1269
1340
1272
1298
1265
1376
1288
1475
1333
1395
1433
1400
1500
1432
1306
1283
1286
1393
1277
1398
1263
1383
1305
1542
1301
1269
1331
1434
1425
1331
1330
1445
1276
1285
1392
1422
1386
1436
1302
1320
1396
1381
1281
1398
1342
1324
1303
1300
1332
1332
1304
1317
1480
1386
1392
1464
1296
1297
1302
1326
1386
1421
1383
1423
1436
1543
1304
1403
1466
1391
1436
1326
1265
1291
1341
1283
1333
1283
1384
1385
1398
1327
1286
1485
1261
1286
1286
1411
1386
1433
1441
1272
1389
1398
1288
1294
1369
1477
1444
1494
1416
1292
1271
1597
1328
1336
1534
1326
1428
1283
1446
1426
1294
1269
1288
1298
1328
1302
1262
1325
1383
1378
1289
1332
1299
1290
1431
1297
1313
1420
1417
1390
1363
1314
1300
1323
1280
1378
1421
1288
1383
1317
1387
1391
1294
1317
1352
1334
1301
1303
1301
1387
1274
1439
1305
1303
1319
1644
1273
1385
1308
1406
1324
1401
1395
1336
1339
1389
1289
1346
1395
1331
1393
1274
1388
1297
1392
1381
1288
1326
1412
1390
1287
1294
1291
1293
1285
1271
1254
1272
1289
1397
1283
1551
1310
1268
1406
1279
1395
1395
1264
1442
1450
1325
1304
1288
1322
1302
1390
1383
1313
1379
1281
1275
1328
1284
1467
1408
1388
1287
1290
1519
1389
1269
1331
1389
1401
1427
1320
1276
1414
1289
1298
1843
1388
1274
1290
1294
1404
1415
1601
1317
1287
1382
1276
1266
1282
1332
1266
1397
1293
1382
1276
1377
1439
1396
1418
1287
1419
1391
1416
1405
1399
1281
1313
1395
1427
1271
1302
1296
1325
1274
1383
1420
1394
1300
1405
1357
1411
1422
1392
1327
1389
1305
1514
1328
1311
1321
1335
1388
1310
1289
1308
1267
1382
1330
1290
1267
1391
1384
1274
1389
1453
1288
1292
1388
1339
1300
1278
1280
1292
1303
1392
1290
1280
1392
1520
1408
1413
1407
1393
1389
1269
1287
1439
1346
1320
1286
1318
1281
1287
1279
1317
1331
1294
1322
1298
1390
1425
1424
1330
1285
1272
1421
1342
1350
1390
1291
1383
1281
1263
1338
1386
1291
1339
1292
1374
1323
1318
1321
1762
1408
1410
1448
1397
1391
1430
1311
1294
1312
1273
1388
1383
1386
1381
1377
1406
1377
1324
1375
1466
1306
1315
1270
1289
1293
1334
1265
1596
0
1408
0
0
0
0
0
1338
0
2124
2162
2125
0
2074
1892
0
1729
1636
1814
1881
1661
-6,64E+03
1615
0
1743
1892
1958
1730
0
1850
1812
1917
1830
1768
1759
0
1533
1701
1723
1700
1709
1799
0
1951
0
0
0
1997
1922
1988
2139
1854
2341
1854
1952
2044
2014
1916
2023
2011
1968
1694
2036
1930
1679
1862
1919
2024
1819
2066
2253
1880
1985
1834
2136
1996
2457
1905
1990
1901
1955
2009
1668
2052
1905
1983
1942
1945
1881
2102
1803
1904
1968
1888
2203
2082
1929
1753
0
1882
1936
1916
2028
2317
2150
1934
2019
1442
1416
1887
1976
0
0
1984
1934
1844
1881
1859
1888
1884
1882
1395
1473
1380
0
1805
1844
1776
1844
0
1895
1966
1896
2170
2304
2316
2157
2315
2078
2101
1947
2072
2026
2026
2101
19
2068
1915
2132
2053
1921
2076
0
2115
1942
2148
2133
1947
0
2141
0
1945
1966
1951
0
1994
2024
2049
2034
1821
1980
2094
1996
2023
2169
2032
1938
2054
2049
1946
1970
2240
2011
2205
1884
2254
2057
2093
2108
2055
2169
2070
2053
2145
2117
2179
2184
2090
2033
2113
2049
2060
2167
2074
213
2121
1975
2180
2231
1975
2162
2133
2172
2080
2065
2057
2058
2083
1902
2053
2169
2137
1998
0
2111
2154
2072
2102
2137
2064
2017
2280
2461
2588
2078
2064
2101
2149
2238
2029
2016
1660
2074
2116
2129
2175
2076
2136
2050
2069
2087
2011
2110
2137
2150
1760
2236
2420
2224
2178
2118
2086
2137
2105
2169
2179
2565
2015
1731
1590
0
1980
1945
1728
1895
0
1405
1359
1394
0
0
2022
2038
2395
1831
2016
1951
2068
29
1976
2008
2017
1997
2086
0
1986
2007
2081
2056
2173
2001
2036
1976
1999
2084
2302
2071
1373
1975
2165
2098
0
2012
2030
2052
2126
1991
0
1841
2127
2007
2031
2057
2060
2109
1938
2026
0
2157
1956
2135
2193
2001
2013
2015
2236
2159
2065
2010
1971
2353
2001
2169
1979
0
1989
2248
1874
2168
1847
1996
2123
2492
2051
2029
2037
2072
2179
2109
2038
1880
1944
2276
2011
2085
1991
2043
2024
1993
2024
2006
2170
1991
2016
2141
2121
2122
1831
2066
2062
2022
1942
2023
1980
2033
2079
2099
2201
2164
1886
2041
2027
2087
2193
2140
1958
2316
2104
2110
2122
2138
1995
1963
2127
2107
2125
2106
2095
2111
1953
2232
1957
0
1741
2152
1416
1837
2108
1795
1837
2034
1980
2052
2107
2013
2022
2257
1914
1967
2177
2009
1995
1876
2078
2146
2046
2088
2061
2131
2056
2037
1758
1779
1941
1843
0
2057
2233
2082
2246
1993
2130
2198
2188
2095
2522
0
2098
2127
2118
2224
1998
2392
2103
1960
2344
1977
2021
2101
2147
2144
0
1934
2078
2121
1857
2033
2003
1866
2107
2161
2115
2076
1962
1868
2199
197
1953
2118
0
1922
1519
2086
2044
2160
2091
2002
2080
0
0
2062
1844
1916
1912
1910
1860
1792
1857
2002
2053
2051
2035
1885
2098
2257
1900
2067
2316
1987
2216
2220
2093
2114
2031
2080
1928
1856
2066
1893
1618
1973
1950
2009
1869
1924
1875
2010
1933
2012
0
1975
2055
2147
2110
2084
1973
2164
2092
2005
2223
1869
2056
2209
2073
1833
2041
1981
2194
2117
2084
2035
2014
1998
1994
2085
2052
2202
2020
1964
2179
1969
2124
2027
1881
2052
2202
2129
2213
1861
1878
2151
2056
2171
1990
2076
2008
2044
2184
1966
2126
0
1993
2157
2212
2170
2017
2061
2100
2409
1974
2148
2356
1958
1949
2133
1857
1859
1976
2119
0
2067
1827
2076
2036
2001
2205
2028
2098
1978
2092
2025
2150
2005
2026
2039
2101
2094
1843
2367
2075
2140
2009
1824
2091
2190
2276
2274
2169
2032
2248
2174
1949
2040
2173
1740
1971
2190
2157
2200
1902
2149
2026
2117
2048
1971
2002
0
2129
2190
1948
2039
2148
1974
2137
2116
1987
2169
1998
0
2141
2121
1974
2103
2103
2171
2161
1828
2168
1997
2128
1883
2008
2021
2045
2120
2160
1947
2116
2129
2028
2073
2000
2173
1911
2047
2051
2023
2185
2051
2140
1909
2069
2005
2061
2132
2043
1977
2114
1991
2064
2182
2115
2154
1872
1877
1788
1908
1883
2098
1886
1818
2077
1820
1829
2020
2036
2117
1857
2129
1916
1869
2317
1858
1916
1771
1818
1880
2312
1888
2291
1996
1858
1926
2202
1838
2136
2039
1914
2175
2199
1868
1978
2287
2080
2225
2124
1998
2282
2254
2358
2065
0
2162
2095
2036
2171
2041
2012
2179
2089
2150
2138
2037
2027
2177
0
2169
1904
1972
2103
2121
2027
2414
2082
0
1999
1829
2165
1991
2157
1980
1959
2206
2123
1842
2329
1952
2168
2079
2166
2005
2124
2242
1921
0
0
1921
1943
1937
1680
1917
1896
1983
1868
1907
-1
0
0
0
0
0
1854
2033
1960
2056
2127
0
0
0
0
0
0
0
0
2415
1846
2071
2291
2198
2229
1949
2187
2184
1987
1910
1958
1999
2401
2234
1940
1975
0
0
0
0
0
0
0
0
2196
2145
2092
2159
2141
2145
2645
1901
2171
2157
2027
2158
1971
0
0
0
2125
2704
2039
2038
2805
1823
2141
2020
1906
2079
2007
2034
2055
2060
2074
2125
2173
2194
2266
2269
2226
3048
1946
2619
1988
2329
1935
1956
2217
2185
2132
1908
2086
2003
2187
1999
0
2065
1886
2084
2038
1841
2012
2129
1806
1841
1928
1914
2036
1907
1919
1845
1860
1826
1944
1947
1849
1807
1818
1976
1895
1987
1934
1827
1875
2080
1841
1995
2802
1819
2378
2088
1912
1992
1922
1882
1945
1945
2021
1758
1925
2718
2180
1978
0
3070
1868
2025
2484
2474
1907
2317
1993
0
2611
2073
2866
2431
2376
2246
2021
2927
1975
2112
1983
2127
1920
2140
2759
1884
2072
2114
1944
2002
0
1957
2053
1957
0
1809
2013
2117
2041
2041
2097
1973
2546
1819
2074
1936
2081
2022
1922
2031
2017
2167
1937
2147
1839
1999
1993
1995
2116
2005
0
2419
2034
2022
2057
2102
2842
1947
1838
1999
1984
2150
2077
2033
1928
3018
1954
2113
1993
2038
1993
2155
2000
1935
2017
2131
1927
2018
1948
2063
2094
1976
2160
1950
2074
1927
1992
2123
1922
2144
2596
3026
1727
1867
1963
1864
1826
1907
1873
1816
1876
1828
1827
1859
1921
1802
1809
1879
1861
1768
1821
1863
1916
1632
1792
1867
1824
1820
1896
1815
0
2921
2513
0
1928
2825
2193
3035
2048
2176
1998
2393
2074
2332
1993
2325
2054
2452
1978
2375
1966
2428
1959
2423
1993
2351
1940
3168
2210
1903
1887
1940
1860
1778
1951
2321
2042
2057
2103
0
2246
1852
2046
1928
1979
2117
2005
2065
1946
1983
2050
1837
2097
2019
2062
1968
1987
1937
2073
1842
2488
2040
1958
1851
2170
2166
1890
1966
2110
1919
2590
1878
1958
2013
1951
2016
1982
2043
2052
1791
2079
1959
2090
2017
2131
2062
2523
1884
2107
2064
2008
1986
1966
2078
2006
2069
2061
2023
1939
2016
2103
2014
1982
2433
1888
2046
2031
2111
2108
2080
2071
1949
2051
1995
2079
2053
1982
1968
2029
2007
1947
1781
2419
1697
0
2127
2742
1887
2431
1777
2085
1983
2072
2070
2064
1906
1962
2047
1933
2193
1759
2108
1955
1982
2082
1889
2080
2019
2033
2384
1859
2052
1898
2452
1761
2106
1981
0
1995
2541
1914
1987
2143
1967
2082
1985
2329
1929
1997
2099
2065
1922
1975
1981
1839
1822
3320
2170
2090
2261
2519
2148
2096
2108
2083
2104
2049
2036
2673
2078
2090
2067
2101
2024
2164
2523
2023
2566
1903
2033
2221
1842
2196
2221
2359
1971
2043
2224
2125
2132
2195
2041
2318
1984
1891
2145
2188
2088
2048
2191
2121
2179
2075
2211
1983
2039
2353
2251
1979
2191
0
2485
2109
2087
1908
2039
2068
1998
2047
2187
1964
2037
1990
2160
2015
2021
2035
2145
2004
2174
1870
2027
2029
2015
2066
2043
0
2020
2199
2108
2052
2201
3106
1925
1841
1967
2012
2021
1914
2043
2009
2033
2104
2023
1956
1820
2031
1921
1896
1786
1992
0
2806
2104
1990
2022
2108
2213
2032
2138
2049
2103
2235
1910
2102
2169
2606
1866
2054
2087
2128
2072
2170
2133
2010
2138
2020
1958
2023
2018
1998
2357
2177
1908
2259
1901
2036
2140
2073
2238
2112
2003
2189
2162
1896
2128
2156
2092
2086
2166
2154
2161
2054
2128
2543
2235
2013
2163
2071
2102
2248
2167
1909
2039
2070
2171
2007
2098
2291
1931
2058
2191
2142
2172
2111
2127
2055
2047
2161
1905
2253
2058
1962
0
1916
2865
2035
1997
1433
3282
1927
2012
1885
1968
1934
1929
2048
1960
2022
1862
1989
2152
2222
2027
2320
2296
1988
2045
2791
2260
3078
2655
2272
2132
2223
2195
2172
2172
2214
2132
2083
2125
2092
2108
2840
2237
2131
2062
1963
2017
2012
2008
2022
1959
2117
2088
1953
1953
2535
2490
2028
2282
1869
1966
2042
1947
2322
2010
1804
1970
2223
2345
1848
1862
2015
1985
2001
1962
1933
2131
1951
2119
1932
1957
1980
2794
2106
2130
2029
1642
2148
2092
2213
1420
2061
2113
2077
2103
2588
2154
2104
2154
2096
2651
2186
2103
2418
1881
2069
2798
1874
1975
2077
1994
2081
1988
2454
1958
2148
1890
1981
2098
2082
1932
2686
2113
1839
2041
1944
2216
2024
1804
2060
1972
1931
1971
1899
2203
1792
1953
2141
0
2292
2584
2071
2246
2167
2144
2221
2121
1999
2139
2143
2184
1985
2280
2203
1986
2041
2096
1979
2104
1996
2127
2039
2057
2096
2158
2164
2415
1796
2049
2019
2094
1943
2197
1869
2114
2024
0
2181
1430
1399
0
2176
2049
1665
2136
2089
0
2119
2058
1368
2791
1537
2056
2011
2036
2193
2182
2025
2301
1769
2077
2048
2081
2151
2064
2124
2141
1483
2029
2037
2076
2099
2012
2118
2103
1492
1969
1428
1914
1986
2454
1990
1964
0
2163
1977
1986
2015
2103
2233
2327
1963
2047
2451
1837
2230
2112
2032
2055
0
1910
1811
2031
1988
1843
1853
1986
2068
2030
1865
2043
1935
2310
1890
1891
2034
1961
1981
2056
1968
0
1940
1989
2063
2073
0
2696
1968
2118
2141
0
2450
1993
2048
2318
1921
0
3161
1960
2006
2003
1996
2029
2128
2009
2009
1999
1964
1962
1997
2025
2047
1946
2126
2370
2030
1974
1979
2116
2103
1954
2060
2101
1950
1950
1996
2019
1948
2021
1981
1981
2092
2134
1947
2076
2209
1933
2037
1958
2164
2052
1965
2304
2114
1962
2032
1904
1809
2093
2069
2038
2101
2939
1937
1903
1830
2138
1884
2190
1775
1845
1783
2012
1862
1883
1828
2561
1956
2006
2095
2076
1977
2150
1900
2022
1939
1976
2128
1903
2024
2692
2117
2030
1989
2114
2118
2058
2107
2059
2015
1944
1989
2053
1988
1989
2059
2077
2061
2014
2045
2947
2153
2028
2063
2111
2092
2074
1996
1999
2060
2035
2021
1995
2484
1734
1712
1857
1856
1852
1803
1898
1922
1911
1772
1858
1880
1836
2492
1763
1687
1735
1726
1803
1751
1721
1744
0
1967
2065
1985
2244
2186
2179
2277
2106
2176
2007
2305
2149
1965
2201
2220
2066
1981
2000
2141
2132
2040
2148
1969
2512
1879
2095
1921
2345
1890
2046
1983
1989
2022
1945
1952
2044
1973
1981
2127
1882
2095
1887
1928
2048
1933
1900
1951
1912
1951
2119
1984
2118
1766
1936
2076
2482
1888
1806
1975
1926
1937
1958
1937
1936
1978
2014
1902
2137
2026
2061
2081
1820
1936
1963
1960
2079
1997
1947
1946
2116
2031
1962
2013
1899
1950
1967
1953
1975
2064
2037
2034
1971
2202
1778
1923
2724
2092
2003
2094
2599
1912
199
2722
1845
2086
1914
2738
2068
2444
1840
1953
1868
2301
0
2020
2355
1784
2250
1929
1947
2019
2137
1950
0
0
2194
1846
2062
1872
1838
1843
1901
1643
1797
1894
1902
1740
0
2029
2205
1951
1982
2002
2343
2154
1884
2056
1880
1985
2142
1846
2066
2037
1798
2045
1899
2090
1915
1949
1938
1953
1793
1984
1952
1932
2127
1916
2155
1893
2076
2046
1813
2062
2802
2052
1919
1796
2547
1895
2163
1965
1805
1980
2452
1953
2012
0
2760
2302
1980
2063
2066
1975
1991
2036
2033
2014
2014
2013
1993
2089
2012
2051
2438
1822
1956
2200
2138
1835
1906
2206
1952
2066
2674
1917
1998
1812
1890
1897
1954
1996
1917
1987
2029
1918
1976
1941
2096
1761
1977
1946
2174
1942
2130
2186
0
2136
1806
1894
2095
2108
3368
1745
2190
1718
2016
1987
1836
2080
1847
1999
1804
1428
1912
2033
1924
2103
2121
1788
2112
0
0
1853
2131
2064
1836
0
1765
1845
1834
1867
1867
1812
1867
1888
1755
1829
1844
1903
1653
1839
1890
1786
1836
1853
1908
1794
1860
1906
1799
1867
2042
2797
2086
1748
2062
1931
2080
2106
1911
2061
1840
2742
1876
2106
1916
2382
0
2356
1826
1983
2020
2003
1904
1994
1992
2114
1781
2104
1881
2197
1769
1947
2167
1917
1962
2087
2059
2026
1964
1982
1953
2087
1898
1951
2082
1769
1964
1979
0
2666
2421
1996
1936
1966
1900
2107
0
0
1673
1813
1862
1884
2965
2052
2074
2216
2168
2211
1984
2150
2022
1978
2036
2049
2156
2243
2061
2167
2057
1949
2195
2009
2146
2125
2017
2143
2145
1956
2063
2389
1962
2119
2091
2094
2362
1980
2211
1969
2151
2333
2072
1973
1994
1854
1952
2011
1981
1818
1954
2136
2488
1929
2086
1934
1854
2001
2046
2026
0
2273
1907
2061
2070
1796
1834
2045
1955
0
2684
1974
1886
2619
2004
1820
2003
2104
1784
1958
1935
2082
2720
1931
1897
2061
2046
2008
1894
2016
1923
2230
1830
2726
2037
2032
1968
1905
2057
2126
1890
2076
1926
2004
2417
1831
2002
1974
2070
2056
2074
1911
1986
2228
1912
1819
1971
1977
1937
2053
1926
2072
1958
2076
2044
1897
1981
1961
1932
1963
2058
1966
2036
1790
1986
1978
1957
1945
1985
1945
1944
1969
1950
1974
1989
2088
1952
1939
2342
1962
2083
2091
1936
2027
2110
1951
2360
1910
2016
1913
1832
2007
2046
2576
1952
2181
1969
2205
1963
2112
2226
2178
1978
2245
1958
1994
1955
0
2432
1901
1819
2089
2034
1952
2042
2056
1918
2016
1976
2079
2917
2118
2048
2550
1881
2015
2213
1805
2200
1976
2154
1849
2030
2084
1876
1988
2198
1871
2082
2004
2208
1811
1968
2003
1968
2019
2113
2049
2017
2237
1763
2140
1970
2099
2095
2087
2063
2106
2141
1957
1950
2146
2049
1895
2452
1898
1958
2018
1980
1997
2017
2025
1967
2144
2083
1803
2388
2024
1853
2060
2164
0
2219
1992
2200
2115
1847
2128
1961
2138
2119
2633
1947
1976
1989
2082
2193
1988
2318
1880
1978
2011
2084
2736
2107
2012
2030
2011
2041
1978
2094
2048
2141
1975
2029
1951
2095
2046
2041
2069
2037
2126
2059
2129
1976
1979
2048
2019
2028
1962
1992
2090
2005
2023
2058
2017
2802
2076
2316
1942
2385
2130
2277
1982
2371
2228
2217
2313
2295
2047
2301
2170
2303
1807
1633
1645
1760
1932
1667
1772
1582
1724
1713
2166
1840
1680
1843
1686
1574
1636
1615
1555
1610
1576
1800
1723
1586
1880
1625
1890
1638
0
2343
1660
1638
1732
1649
1691
1805
1814
1779
1650
1622
1583
1834
1684
1604
1629
1622
1573
1740
1836
1643
2630
2026
2061
2121
2025
2006
2079
1984
2116
2009
2307
1876
2215
1842
2129
1983
2079
2104
2115
2036
2164
2128
0
2638
1900
2018
2004
2356
1837
1922
2022
2103
1939
1983
2164
1998
1789
1997
2039
1944
2122
1987
2131
2071
2082
2173
1933
2019
2083
2154
2015
2219
1879
2083
2084
2021
1994
1977
2013
1971
2021
1978
1992
2139
2065
1963
2136
1975
2069
2017
2004
2091
1992
2108
2081
3037
2255
2023
0
2554
1938
2082
2119
2102
1807
2771
1982
2125
2084
2098
0
1951
2131
2008
1960
2039
2008
1879
1880
1886
2252
2206
2002
2171
2022
2306
2225
1986
1896
1985
1959
2018
2097
2000
3081
2063
1861
2117
2032
1964
1970
2016
2042
2083
2065
1931
1959
1979
2054
1996
2093
1969
2016
1964
1945
2007
1935
1946
1952
2108
1897
1972
2037
1909
1963
1958
1966
1971
0
1903
2031
2138
1865
1968
2065
2067
1943
2004
1914
2049
0
0
1801
1889
1815
1765
1829
1783
1843
1794
1849
1827
1803
2005
1996
1765
1915
1781
1977
1822
1795
1908
1892
1904
2013
1805
0
2915
1981
2044
1903
1799
1968
2051
1843
4062
2209
2066
1957
1983
1976
2001
2046
1983
2018
1954
1969
2016
2051
2088
2155
2842
2325
2095
2118
2070
2082
2122
2049
1946
2027
2018
1918
2013
1980
2023
1993
1984
1953
1999
2003
1959
1998
1955
2024
1966
1994
1970
1961
1936
1997
2006
1953
1988
1967
2049
0
3335
2076
2047
1927
1969
2021
1869
1881
1873
1875
2081
1885
1873
1960
1913
1947
1950
2036
1984
1962
2023
1965
2015
1975
1941
1931
1967
1938
1958
2908
2425
2342
2164
2336
2215
2331
2058
2292
2150
2360
2172
2339
2182
2294
2100
2304
1992
2334
2118
2350
2060
2303
2192
2301
2232
2361
2108
2314
2116
2038
2353
2313
2354
2295
2074
2343
2043
2283
2717
2137
2067
1960
2057
1941
1947
1938
1950
2021
1984
1937
2169
3038
1917
2023
1955
2055
1968
2148
1913
2125
1898
2202
1782
2013
2192
1772
2125
2033
2145
1926
1830
2028
1957
2072
1947
1948
2042
2052
1991
2128
1840
1910
2209
1988
1799
1959
1964
1952
1993
2074
1957
1974
2067
1915
1948
1937
1942
1923
1925
1991
2108
1814
1945
1950
1980
2082
1916
1933
2003
1888
2168
1742
2119
1799
2066
1803
2082
2451
1952
2009
2073
2019
1996
2049
2109
2084
2046
2001
1972
2003
2101
2119
2987
2017
1978
2340
1924
1811
2544
1801
2097
2445
2710
2248
2152
2213
2134
2155
2117
2038
2006
2050
2084
2046
2129
2092
2006
3048
2257
2074
0
2731
1890
2247
2249
2413
2161
1974
2493
2203
1846
2129
2196
2155
2023
2020
1913
2095
1929
0
0
2137
2095
2006
1949
1928
2172
2075
1947
2467
2081
1928
2036
2008
1918
2048
1922
2089
1971
1958
2560
1834
2104
1979
2083
1907
1910
2105
1901
1953
1984
1947
2059
1942
1949
2094
2057
1932
2095
1945
1941
2077
2022
1915
1935
1976
1966
1993
1962
2162
1849
2422
1933
1964
2085
1905
2074
1956
2015
1942
2018
1967
2033
1943
2140
1943
1926
1932
2039
2128
1922
2069
2051
2032
2019
2079
1874
1994
1958
1947
1956
2108
1799
2130
2486
1929
1805
1745
2003
2610
1997
2137
2055
1964
1986
2947
1847
1963
1991
2131
1811
1941
2044
1997
1902
2030
2060
1985
2024
1954
1951
1948
1947
2120
2068
1950
2110
2061
2003
2184
1857
1953
1965
1966
3104
1952
1881
2077
1970
2078
1940
2006
1976
2114
1967
2158
1870
2063
2023
2551
2157
2208
2175
2187
1994
2158
1994
1955
1989
2019
2134
2066
1952
2148
2022
2013
2005
1972
2146
2103
2014
2187
2106
1964
2172
2049
2146
2242
1968
2333
1974
1870
2129
1993
2082
2009
1966
2136
2069
2033
1966
2014
1976
1968
2103
2065
2085
2134
2037
1994
2108
2205
2178
2028
2145
2000
0
3138
1808
1841
1776
1760
1777
1782
1796
1897
2724
1838
2261
1947
2062
2051
2281
1991
2053
2500
2096
2141
2174
2136
1973
2094
2029
2177
2112
1982
2000
2047
1968
2066
2023
2078
2001
2021
2049
2067
2081
2081
2081
2075
2068
2123
2066
2128
2072
2100
2109
2102
2080
2099
2082
2100
2095
2140
2141
1955
2036
1996
2101
2024
2020
1987
1972
2170
2093
2074
2175
2118
1974
2161
1978
2176
2072
2053
2434
2539
2367
2082
1956
1449
1323
1368
0
3080
2126
1666
1788
2326
1710
1670
1729
1786
1628
1749
1813
1636
1780
1831
1632
1573
1727
1631
1808
0
2509
1799
3112
1930
2646
1917
2113
2509
2095
2302
2526
2190
2108
2247
2034
2162
1999
2158
2127
0
2349
1941
2171
1864
2085
2117
2041
2097
2141
1978
4248
1968
2064
2109
1987
2199
2209
1938
1986
2168
2014
2024
2039
2035
2202
1763
2091
1991
1987
2040
2143
2143
1892
1989
2233
1775
2014
1976
2073
1934
2166
1953
2241
2073
1909
2038
2188
1946
2011
1992
2095
2263
1843
2042
2056
0
2334
2019
1940
2067
2099
0
2896
2131
2043
2133
2599
2072
2284
2025
2097
2182
1987
2030
2078
1942
2175
1966
2559
1933
2029
2139
1838
2041
2007
2001
1990
2066
2160
1843
2000
2114
1985
3133
2166
2077
2278
2058
2151
2177
2204
2141
2111
2161
2170
2133
2111
2528
1953
2094
2939
2071
1782
2077
2016
2046
1911
3311
2038
2106
2600
1884
2000
2098
2145
2016
2510
1980
1899
2113
1791
1989
2042
1925
2009
1962
2091
1848
1984
1959
2637
1922
1907
2040
2122
1892
1993
2059
2069
1969
2051
1943
2052
2129
1840
2113
2084
1837
1876
2192
2007
2036
2064
2091
1926
2046
2087
1876
1901
2036
1757
2084
1881
1894
1984
2025
2039
1957
2010
2102
1925
2056
1849
1965
2056
2051
1817
2010
1883
2178
1907
1923
2037
1776
2030
1962
1965
2703
2081
1915
2020
1857
1878
1945
1820
1850
1759
1957
1918
1932
1970
1990
1919
1865
1738
1927
1984
1948
1891
2002
1955
2810
1849
2079
2039
2108
1988
1529
1782
2028
2049
2057
1959
2199
1784
2099
2004
1996
2070
2110
2738
2011
2035
1981
2299
2034
2034
2093
2030
2097
2114
2095
1965
3276
2134
2137
2073
2070
2069
1977
2100
2124
2107
2021
2325
2954
2049
2125
1994
2033
2048
2066
2015
2005
2062
2007
2019
2020
2149
2381
0
2709
2028
2163
2111
2232
2103
2285
2001
2043
2228
2198
2160
2064
1965
2175
2015
2084
2320
2019
2193
2127
1945
2185
3019
2174
2151
2000
2005
2073
1985
2035
2004
2056
1993
2051
2058
2035
1983
2141
2002
1998
2016
1982
2040
2025
2047
2001
1978
2033
1988
1994
2020
2146
2022
1987
201
2676
1936
2090
2008
2009
2127
1961
2264
1942
2053
2050
2176
1886
2036
1928
1996
1965
2048
2021
2106
2139
2078
2017
1957
1976
2193
1957
1990
2095
2008
2633
1937
2121
1994
2148
2327
2061
1921
2613
2030
1938
2148
1998
1970
2136
1996
1956
2096
1822
2104
1917
2139
2075
0
2770
2014
1970
2124
2233
2136
1839
2178
1961
1983
2026
1769
1976
1993
2258
1906
2309
1774
2186
2008
2123
2086
2034
2206
2010
1915
2059
2244
1953
1955
1988
2284
2154
1831
2027
2071
2106
2046
2091
2151
1927
2056
2011
2036
2033
2131
2217
1962
1992
2012
2180
1946
1977
1971
2011
1983
2143
1944
2007
2134
1934
2135
1913
2109
2143
2003
2028
1966
2101
1929
0
2983
2415
2094
2114
2133
2123
2067
2058
2063
0
2736
2244
1970
2093
2102
2146
21
2959
2237
2139
2422
2205
2294
2243
2251
2314
3424
2022
2213
2478
2623
2010
2020
2045
2256
1947
1975
2178
1829
1911
2171
1777
2100
1967
1918
2087
2131
2087
1966
1945
2656
2064
2001
2130
1897
2127
1940
1819
2011
1968
1973
1990
1926
2118
2085
1805
1994
2633
1863
2197
1770
2139
1803
1965
1999
2119
1939
1993
2069
1921
1982
1982
1955
2539
2433
1930
2100
1884
1936
1993
2737
2145
2131
1965
2017
2134
2713
2520
2248
2001
2170
2123
2064
2171
1971
2451
1884
2077
2091
1800
2263
1853
2105
1978
1993
1945
2066
2100
1950
2051
0
1993
2614
1855
2145
1994
1939
2115
2141
2163
2378
2171
2133
0
1851
1899
2059
1921
2087
2010
2136
1811
1948
2034
1971
2120
1905
1907
2095
1900
2045
2083
1920
2099
2057
1810
2128
2021
2009
1899
2107
2110
1933
2066
1981
2058
2548
1860
2027
2091
2058
2104
1851
1968
2146
1738
1861
1811
1925
1862
1822
2081
2402
2141
1904
2216
1909
2145
1865
1930
1960
1817
2107
2009
1873
1907
2038
1914
2078
1987
1990
2926
1852
2107
1827
1989
1949
1954
1947
1988
1914
2123
1948
2011
1971
1940
1983
2140
1953
0
0
2408
2053
2061
2061
1928
1965
1974
1962
2087
1949
2035
1997
2220
1902
1973
2330
1845
2776
1904
1955
1824
1984
1942
1975
1945
2116
2042
1856
2261
1991
1987
1932
2053
2110
1889
2085
2175
1963
4432
1901
2065
2106
2066
2066
1945
2111
1802
2081
1979
1861
2104
1853
0
1864
2070
2060
1965
1997
2048
2107
1930
1939
2095
1941
1975
1966
1952
2010
2015
1919
2089
1951
2038
1923
2091
2002
1953
1975
2131
2427
1896
1803
2103
2139
1790
2098
1977
2089
1951
2200
1862
2027
2079
1953
1930
1995
1958
0
0
2001
0
3126
2125
2376
2570
1972
2203
1986
2014
2292
2137
2233
2014
2092
2467
1930
2407
1884
2013
1979
1953
2302
2219
1978
2065
1960
1945
2031
1977
2126
1959
1916
2001
1963
1961
2027
1957
2131
1957
1975
2107
1940
1933
2091
1946
1979
2093
1951
1961
1959
1957
2172
1993
1938
1942
1939
2018
1937
2698
1977
1857
2228
1885
1986
1814
2203
1798
2366
2019
1845
1986
2206
2376
2459
2950
1889
2037
1940
1964
2072
1984
1922
2000
2082
2141
1898
1998
1970
1995
2093
1933
2005
2619
2211
2050
1911
2011
2044
2051
2047
1929
2035
1957
1970
2347
1890
2098
1944
2024
2639
2537
2159
1937
2111
1967
2082
2056
2173
2060
1957
1991
2414
1950
1961
2002
2100
1895
2338
1994
1802
2200
1927
2067
1901
2059
2035
1948
1955
2091
1913
2016
1950
2102
2005
2066
2073
1933
1940
2025
2125
1801
1982
1912
1940
1946
2121
1812
1956
2135
2047
2094
1834
2091
2046
2073
1932
1925
2017
1964
2105
1990
1972
1997
1972
1801
1961
1997
0
2625
1877
1926
1914
101
2547
1934
2211
1931
2002
2038
2038
1978
1981
2067
2062
1788
2023
2004
2017
1962
2431
2022
1894
195
2696
2146
2157
1919
2183
193
2076
1971
1928
1836
2029
1915
1813
1813
1890
1847
1832
1870
1915
1916
1778
1824
1819
1908
1873
1786
1825
1871
0
2979
2219
2188
2096
2177
2186
2181
2086
2081
2106
2320
1918
0
2670
2361
2107
2796
1936
2100
2073
2067
2224
2231
2061
2274
2418
2369
1886
2077
2264
2039
2004
2232
1869
2070
2037
2152
2000
2177
2067
2040
2065
2044
2095
2060
2161
2219
1968
2095
2185
2357
1842
2239
1920
2032
2140
2003
2010
2037
2281
1876
2271
1886
2017
2264
1854
2057
2199
2177
2227
2059
1903
2133
2041
2309
1945
2239
2059
1898
2069
2136
1837
2195
1909
2557
1907
2055
2247
2048
2159
2135
1990
2058
2110
2120
2057
2159
2109
2020
2083
2086
2013
2187
1996
2023
2061
2023
2236
2008
2041
2066
2124
2000
1870
1767
1963
1976
1806
1873
1912
1940
1718
1944
1946
1971
1693
1890
1946
1968
1718
1857
1907
1934
1881
1900
2016
1686
1814
1852
1880
2015
1699
1891
1876
1925
1883
1775
1965
1832
2206
2917
2109
1935
1981
2009
1995
1995
2143
1808
2384
2446
2894
2646
2059
1772
1817
1795
1875
1849
1807
1849
1870
1806
1889
1902
1783
1809
1859
1839
1840
1857
1878
1628
1859
1854
1910
1641
1823
1850
1951
1664
1803
1842
1929
1707
1804
1858
1858
1671
1831
1860
1868
1771
1801
1840
1927
1775
1861
1873
0
2864
2101
1996
2229
1789
2151
1927
1962
2187
1904
2124
1806
2001
1754
1845
1895
1934
1812
1724
2223
2132
1670
2173
2430
2027
1937
1998
2142
2216
1895
2036
1908
1948
2030
2128
1870
1799
2020
1874
2006
1895
2077
2058
1997
2156
2126
1900
1827
2162
1752
2188
2268
2048
1866
2074
2011
1793
1659
1984
1889
1955
1952
2297
1781
1948
2025
2121
2597
1857
2253
2134
2116
1981
2029
2083
2006
2088
2298
2205
2216
2053
2190
2192
1958
2236
2003
2129
1971
2289
2502
1923
2029
2030
2119
2050
2054
2051
2110
2726
2035
1883
1963
2195
1894
1997
2131
2100
2062
2028
2024
2033
1907
2140
2035
2040
2071
2143
1906
2015
1971
1945
2346
1912
2011
2136
2018
1932
2106
2108
2029
2153
2048
2038
1925
2530
2511
2153
1838
1994
1980
2015
2142
1896
3070
1792
2101
1995
2070
1943
1880
2312
1928
1927
1958
2281
2018
2127
1899
1971
2102
1954
2170
1825
2208
1946
1983
2090
0
2408
1957
1993
2011
2160
1798
2006
1944
2028
2003
1982
2720
2087
2024
2007
1970
2123
2011
2006
1979
2005
1996
2041
2087
1954
2041
2060
2042
2009
2042
2033
1999
2054
2068
2108
1997
2031
2087
1989
2077
1978
2034
2162
2081
2091
2081
2012
2074
1972
1992
2046
1997
2047
2214
2243
2273
2268
2442
2227
2805
2025
2101
1803
1996
2395
2036
1909
1943
2021
2116
1985
2016
2094
1945
2176
1864
1985
1931
2058
1908
2010
1973
1961
2120
1936
1964
1981
1957
1991
2096
1927
1966
1942
1988
1964
1978
2097
1950
1966
2090
1965
1944
1995
2077
2066
1922
1950
2075
2083
2035
1963
1973
1980
2140
1954
2009
1983
2608
2055
1828
1879
2566
1979
1940
2079
2405
2012
1985
1978
1950
1919
2041
2149
2090
2178
1825
2008
1791
2171
1981
2265
1971
2084
1951
1987
1911
2045
2142
2056
2108
1944
2123
2086
1999
1908
2110
1947
1962
1940
2072
2112
2002
1934
2033
2099
2076
2014
1974
2119
2162
1815
2015
1964
2080
1950
2262
2003
1786
2233
2051
2083
2053
1825
2142
1943
2010
1804
2102
1859
2094
2640
1931
1940
1815
1820
1780
2055
2278
1904
2126
1824
2092
1929
1945
1949
2311
2012
2040
2000
0
1884
2022
1994
1982
1941
2008
1957
2000
2264
1956
1779
2016
1935
1981
1958
1975
2183
1930
2059
1958
1940
2240
1839
1796
2000
1942
2092
2024
2034
1957
1930
1952
1978
1944
1968
2177
1770
2229
1998
1894
2097
1831
1953
2131
2054
1831
1939
1998
1974
1955
1948
1956
2176
1946
1960
1963
2087
1807
2162
1903
2107
1783
1981
2135
1791
2140
1884
1966
1970
1975
1975
1951
2135
1829
1938
1997
2011
2124
1803
1935
1924
1965
1934
1955
2019
2100
1886
1954
1948
2082
2009
1940
1948
2137
1867
1980
2155
1782
1976
2100
1783
1999
2163
1823
1946
1964
1953
1943
1946
2059
2060
1957
1979
2010
1988
2079
1926
2094
2100
1816
2095
1817
1949
2103
1889
1959
1975
1946
2072
1971
2081
1915
2126
1780
2124
1925
1942
2127
1777
2117
1949
2074
1930
1947
2243
1805
2109
1908
1964
1929
2066
1848
1948
2315
1789
1989
1982
1948
2224
1865
1790
1971
1986
1944
2210
1818
1988
2077
1800
2186
1904
2119
2003
1823
2166
1934
2050
1995
2201
1909
1814
1971
2211
1946
2235
1840
2004
2037
2163
2001
1835
1992
2061
2137
1818
1947
1971
1941
1943
1967
2102
1928
2102
2077
2076
1920
2001
1944
1960
1939
1951
2118
2036
1933
2065
1966
2102
1999
1999
1995
1948
2086
2029
2049
1945
1965
2128
1932
2145
1925
1971
2201
1923
2007
1931
1915
1950
1935
1943
1981
2091
2148
1935
1926
1957
1948
2071
2104
2091
2052
1804
2024
2020
2072
1969
2154
2008
1917
2128
1995
2068
1961
2082
1894
2114
1928
2026
2088
1861
1966
2117
1882
2052
2085
1918
2141
2219
1917
2041
1953
1957
2025
1941
2006
2075
1864
1957
2152
2085
2011
1842
2053
1966
2043
1911
2005
2031
1979
2075
2038
2140
1937
2082
2032
1911
1999
1944
2092
2073
1917
2024
2062
1961
2005
1967
2124
2052
1970
2154
1938
2139
1981
1960
2111
1971
2087
1820
2143
2083
1908
1923
2051
1791
2105
2038
2070
2887
1959
1999
1899
2022
2076
1952
2029
2118
2080
2044
2129
1898
2141
1993
1792
2147
2055
2114
1957
1896
2016
2057
2035
2180
2147
1902
2052
2414
1925
1892
2070
2001
1897
2097
1916
1966
2026
2103
2068
1978
1979
2091
1947
1966
1990
2087
1816
1964
2001
1952
2077
1866
2139
1819
1954
1941
1961
1927
2122
2118
1785
2120
1942
1880
1947
2010
1928
1958
1981
1951
2008
2020
2062
1835
2061
1929
2090
1977
2131
1847
1993
1955
2096
1948
2024
1919
2020
2062
1943
1955
1933
1952
2082
1933
1944
1978
1975
1964
2242
1824
1942
1985
2014
1946
1917
1941
1988
2108
1861
1946
1941
1990
2125
1932
1955
1945
1961
2096
2066
2478
1828
2103
2042
1873
2060
2101
1931
2088
2020
2051
1989
2054
2083
1928
2017
1996
1967
2136
2091
2054
1936
1954
1962
2064
2033
2076
1961
1943
1797
1973
1968
2120
1903
1988
2030
1810
1957
1982
1946
1951
1952
2135
2131
1960
2009
2075
1797
1984
1991
2095
1937
1790
1984
1991
2753
1859
1977
2027
1878
2114
1947
1985
1975
2136
1773
2004
1995
2215
1911
2072
1945
1991
2197
1804
2345
1773
1917
2068
2213
1822
2158
1778
2191
1830
2170
1946
1930
1924
1965
2098
1966
1925
1950
2071
1902
1970
2081
1899
1972
1940
1983
1976
2100
2076
1917
1942
1988
2096
1796
2025
2105
1896
1874
1988
2148
1952
2055
2069
2060
2089
2092
2038
1897
1977
2093
1925
2125
2082
1903
2040
2047
1815
1990
2018
2002
2104
2048
2083
1919
2015
1917
1949
2113
2126
1885
2106
1920
1962
2062
1896
1942
1981
2083
1928
1937
1935
1988
1941
2186
1847
2028
1976
1924
1945
1985
1982
2204
1768
1955
2100
1968
1941
2094
1916
2107
2020
1991
2001
1960
2083
2096
1897
1984
2039
2067
2027
1970
1936
2218
1802
1983
2138
1797
2071
2010
2199
2046
1751
2173
1937
1962
2049
1955
2022
2006
1966
1922
2099
1955
1931
1942
2178
2022
1902
2130
1914
2207
1937
2023
2128
1850
2112
1960
2022
1984
1973
1966
2117
1928
2213
1910
2099
1907
2073
2020
2074
1939
1976
2029
1963
2076
1949
1959
2049
2048
2113
1796
1934
2086
1951
2201
1845
2099
1962
1951
2071
1946
2119
1905
1981
1891
2181
1804
1974
1990
2123
2106
1786
2001
2065
1915
2111
2137
1827
2134
1914
1942
2079
1979
2048
1944
2086
1905
2086
2043
2054
2049
2023
2075
1927
1964
2054
1919
2172
1840
2045
1934
2149
2024
2120
1945
1938
2068
1903
1910
2134
1921
1973
2154
1920
2053
1909
2130
1951
1958
2120
1920
1971
2114
1934
2110
1930
2161
1842
1950
1971
2138
1837
2089
1964
1975
1985
1976
1924
2126
1921
2314
1848
1806
1911
1997
2351
1808
2005
1909
2190
1808
2099
2068
1907
1945
3051
1815
2021
2096
1907
1953
1960
2184
1777
1941
1945
2066
1819
1983
1924
1976
2029
2114
1931
2031
2108
1840
2094
2047
1779
2033
1944
1974
1982
1964
1967
1981
1904
1958
1979
2131
1902
2059
2019
2011
2039
1956
1956
1951
2118
1909
1979
1949
1946
2013
1943
2059
1977
1967
2073
1916
2049
2101
1916
1924
1976
2008
2029
1960
1929
2152
1900
1911
2080
1911
1971
1995
2101
2096
1848
1944
2217
1946
2085
2087
1788
2108
2239
1921
1978
1946
1924
1953
1965
1970
1992
1948
1985
2114
1934
1990
1951
1969
2102
2030
1935
1928
1956
1990
1969
2209
1809
1950
2124
1947
1932
1913
1962
1910
2125
1897
1957
2069
1967
2031
1806
1965
1976
1963
1944
1957
1946
2325
1958
1958
1979
1949
2085
1919
2118
1910
2147
2002
1819
1939
1942
2128
1945
1806
1968
1969
2153
2063
2033
2069
1958
1938
1999
2164
1953
2082
2071
1987
1999
1941
2097
1797
2023
2010
2154
1847
1909
2103
2044
2001
1926
1994
2118
1885
2001
1946
1959
2116
1938
1975
2095
1786
1987
1938
2049
2023
1950
1942
2117
1900
1964
1935
2148
1929
2056
2030
2018
1922
2039
2027
2074
2015
1947
2094
1788
1905
2070
1920
2104
2193
1895
1958
2129
1931
2080
2753
1936
1973
2175
1903
2072
2037
2017
1984
1981
2021
2085
2027
2106
2059
2044
2105
2004
2185
1845
1970
1934
2140
1818
1966
1970
2155
1806
1959
1970
1970
2056
1912
2164
2062
1830
2123
2021
1972
2026
1974
2122
1966
1969
1985
2111
2230
1813
1948
1969
2132
1811
2121
2031
2058
2070
2075
2042
1951
1997
2042
1992
2121
2046
1957
1943
1978
2023
2019
1975
2127
2052
1965
1816
1992
2031
1959
2031
1957
2139
1833
1970
2146
1910
1960
2076
1906
1946
2000
1954
1987
1976
2114
1892
1958
2182
1905
2140
1927
1982
2007
2012
1933
1981
2107
1994
2057
1972
2018
2085
1920
1984
1849
1996
1964
2099
1946
2228
1890
2055
2024
1982
2028
2021
2004
1946
1981
2067
1809
2298
1781
1951
2125
1912
1978
2144
1975
1783
1968
2021
1969
2150
1925
2201
1800
2118
1893
2055
1938
2234
1872
1962
2139
1957
2089
1972
2136
1820
1993
1927
2062
1946
1949
2068
2074
1798
2001
2119
1889
1971
2220
1847
2074
1957
1940
2143
1787
2056
2035
1913
2088
1938
1933
2131
1918
1953
1966
1970
2126
1970
1954
2202
1798
2120
1936
1836
2088
2049
1981
2106
1983
2119
1912
2076
2016
1976
1979
1972
2094
1919
1991
2028
1993
1980
2073
1988
2036
1922
2141
1910
1955
2168
1775
2188
1967
1807
1961
2114
1926
2068
2148
1814
2086
2083
1939
2158
1859
2006
2024
2048
1907
2014
2110
1927
2190
1823
2103
1919
2096
1917
1979
2667
2225
1753
2119
1968
1811
1828
1850
1936
1685
1813
1880
1857
1821
1853
1903
1905
1817
1839
1895
1774
1819
1884
1904
1814
1901
1897
1778
1799
1889
1917
1712
1876
1929
1814
1803
1876
1931
2328
1732
1791
1909
1854
1758
1858
1846
1876
1935
1688
1816
1864
1869
1769
1807
1791
1888
1898
1768
1820
1891
1917
1814
1845
1885
1772
1822
1872
1907
1777
1807
1829
1876
1886
1812
1864
1863
1765
1848
1864
1887
1649
1830
1902
1922
1776
1805
1901
1911
1764
1852
1851
1876
1811
1888
1901
1784
1858
1882
1892
1795
1840
1918
1695
1791
1832
1880
1901
1774
1810
1811
1853
1876
1890
1647
1819
1861
1906
1692
1796
1791
1865
1881
1825
2157
1861
2151
1867
1897
2135
1921
1948
2137
1861
1966
2144
1944
2071
1980
2091
1932
2028
2182
1926
1847
2159
1808
1988
1835
1920
2031
2050
2068
2298
1838
1982
2038
1965
2151
1952
1971
2091
2159
1850
2011
2078
2112
2270
1824
1852
2053
2295
1959
1857
1960
1979
1993
1927
1970
2075
2051
2113
1845
1992
2025
1960
3337
1934
1722
2825
1516
1558
1610
1794
1477
1485
1543
1555
1780
1586
1450
1858
1676
1878
1465
1835
1854
1741
1794
2321
2384
1991
1873
2160
2009
1991
2146
2196
2089
2226
2049
2117
2178
2010
2048
2156
2021
1949
2083
2046
1947
2044
2155
2113
2177
2397
2168
1955
2288
2252
1961
2027
1946
2042
2105
1983
2086
1984
2130
1977
1986
1973
2195
2529
1892
1980
2052
1986
2151
2158
1965
2327
3431
2658
1869
1956
2016
2113
1827
2001
1955
2140
1796
2314
1816
1920
1953
1951
2022
2002
2059
1907
2301
1985
2004
2085
2022
1990
1819
2051
1921
2215
1942
2136
1960
1858
1983
1996
2349
2008
1992
2008
1783
2136
2020
2184
2188
1916
2095
1946
2127
1815
2098
1987
2295
1985
2002
2149
1800
1778
1986
1941
1962
1943
2026
2009
2051
2114
2093
1936
2047
2194
2267
1989
1923
2033
2077
1924
1960
2068
1945
1908
1934
2107
1957
2207
2179
1841
1946
2024
2174
2088
2131
2141
1950
2004
2070
2035
2092
1974
1914
2095
1902
1841
1973
2179
1942
2013
2098
1989
2093
2060
1795
1808
2019
1766
1798
1988
1925
2243
1998
2010
1901
1790
2095
1765
2115
1926
2158
1930
2036
2011
2076
1890
2010
2117
1903
1856
1987
1792
2086
2050
1919
2135
1939
2071
2074
1925
1898
2067
2048
2073
1933
1972
1975
2106
1826
1855
2076
2070
1842
1972
2094
1951
2062
1984
2057
2238
1864
2080
1913
2026
2136
2009
2110
2042
1995
2086
2082
2063
2064
1911
2086
1992
2157
2045
1826
1994
2006
2041
2090
1891
1918
2085
1939
1959
1986
1991
2067
2092
1758
1850
2102
1853
1850
1989
2074
1978
2222
2104
3403
1808
2252
1871
2042
2122
1846
2151
2114
1797
2128
2023
2090
1914
2091
2139
2135
1848
2057
1832
1866
1992
2034
1922
1953
2056
1993
2057
2250
1932
2053
1910
1912
1942
1828
2120
1937
1994
2692
1893
2096
1943
2172
2014
1949
1921
2059
1917
2034
2106
1856
2073
2014
2025
1905
1949
1952
1984
2004
1955
2078
1807
1795
2024
2257
1835
2159
1802
1994
1974
2015
1878
1789
1933
1949
1981
2156
1967
1982
2036
1935
1948
2003
1972
1946
1991
2127
1985
1932
1922
1949
1836
2104
1944
1864
1788
2186
2002
2099
2042
1941
2024
2106
1867
1827
1923
1948
2005
1990
2150
1933
1803
2118
1866
1965
2000
2069
2070
2165
1943
2089
1932
2078
2058
1954
2050
2073
2090
1936
2111
1933
1956
1854
2049
2044
2076
1840
2114
1966
2173
2090
1936
1923
1992
2051
1926
2082
2011
1972
2123
1817
2105
2067
1887
1998
2145
2025
2056
1778
2123
1960
1784
1967
2204
2122
2015
2028
1925
2275
1971
1791
2091
1925
2032
2007
2087
2053
2041
2061
2002
1952
2342
2100
1907
1950
2009
2115
1918
1964
2065
1976
2158
1975
1974
2009
1986
1949
2067
1998
2099
2035
2132
1860
1784
2063
1954
2192
2060
1960
2060
1988
2271
2142
1856
2148
2025
2096
1807
2079
1823
1981
2115
1945
1974
1922
1991
2059
1914
1958
1991
1993
2003
1963
2187
1916
1968
1817
1885
1897
1938
1970
1992
2032
2140
1936
1972
1962
2058
1971
1969
1975
1969
1869
2123
1884
2086
1981
1983
1990
1877
2015
2168
2017
1957
1857
2088
1884
1951
2089
2032
2072
2074
1967
2024
1859
1868
1905
2104
2081
1828
1818
1944
1980
1974
1965
1934
2139
2099
1937
1982
1952
2043
1945
1975
2142
1924
2147
1791
1908
2004
1988
2189
2126
1829
3532
2034
2006
2713
1808
2252
1597
2262
1613
2591
1573
1816
1779
1850
1722
1835
1831
1813
1976
1667
1858
1771
1822
1800
1846
1804
1702
1713
1933
1664
1802
1798
1828
1940
1683
1798
1809
1800
1775
1778
1740
1691
1688
1781
1748
1734
1869
1731
1823
1727
1874
1711
1806
1724
1725
1723
1754
1705
1724
1713
1737
1870
1849
1796
1807
1862
1703
1804
1907
1664
1722
1832
1785
1779
1750
1785
1720
1726
1939
1621
1797
1730
1821
1718
1817
1764
1752
1814
1681
1823
1672
1751
1806
1726
1873
1658
1724
1736
1812
1707
1729
1688
1711
1722
1850
1812
1820
1752
1737
1802
1842
1717
1712
1709
1816
1752
1697
1875
1763
1841
1785
1714
1825
1808
1773
1775
1797
1806
1779
1715
1821
1846
1726
1756
1753
1828
1676
1765
1729
1858
1717
1739
1961
1564
1793
1736
1830
1709
1713
1736
1724
1824
1882
1719
1764
1758
1833
1757
1709
1726
1836
1721
1709
1740
1829
1708
1673
1710
1851
1752
1822
1744
1715
1841
1721
1824
1808
1808
1738
1827
1808
1748
1728
1856
1705
1774
1710
1720
1846
1712
1849
1860
2070
1595
1717
1706
1698
1829
1703
1726
1729
1708
1676
1700
1823
1801
1717
1689
1739
1689
1729
1729
1743
1879
1713
1820
1755
1740
1740
1715
1815
1812
1846
1683
1789
1742
1707
1718
1715
1737
1819
1817
1713
1690
1708
1846
1824
1820
1823
1684
1809
1716
1856
1821
1678
1744
1698
1703
1843
1801
1742
1704
1690
1795
1741
1723
1940
1607
1744
1759
1821
1726
1681
1860
1720
1710
1845
1692
1814
1726
1769
1868
1698
1733
1832
1841
2676
2284
2350
1653
2480
1376
1277
1299
1409
1367
1248
1259
1393
1282
1912
1865
1490
1479
1543
1279
1416
1263
1338
1256
1359
1244
1295
1243
1306
1328
1229
1213
1552
1639
1241
1975
1811
1810
2056
1683
1815
1724
1701
1910
1703
1739
1801
1746
1761
1736
1761
1783
1748
1737
1712
1861
1863
1805
1762
1850
1727
1736
1705
1716
1701
1730
1716
1736
1690
1750
1743
1858
1601
1711
1832
1677
1715
1805
1680
1705
0
2166
1668
1715
1727
1716
1765
1733
1712
1818
1847
1964
1587
1843
1698
1725
1726
1787
1699
1714
1866
1788
1691
1728
1696
1790
1704
1759
1811
1799
1805
1745
1714
1742
1705
1840
1830
1772
1736
1719
1753
1813
1705
1745
1710
1739
1694
1728
1845
1819
1706
1848
1659
1730
1714
1821
1716
1812
1701
1702
1798
1677
1725
1837
1814
1834
1733
1851
1848
1650
1736
1736
1779
1709
1736
1853
1805
1789
1780
1671
1739
1733
1716
1727
1700
1744
1732
1839
1817
1832
1703
1723
1943
1611
1801
1738
1706
1812
1688
1831
1859
1762
1865
1858
1819
1772
1731
1858
1693
1749
1742
1740
1755
1827
1752
1841
1764
2716
1680
1779
1792
1821
1792
1784
1710
1814
1792
1655
1862
1780
1772
1856
1798
1733
1832
1803
1792
1754
1688
1752
1813
1794
1789
1791
1802
1822
1695
1817
1805
1724
1721
1716
1821
1653
1704
1732
3557
1819
1844
1756
2352
1765
1817
1758
1766
1800
1710
1732
1722
1782
1772
1726
1747
1751
1747
1794
1731
1714
1726
1773
1822
1732
1795
1711
1775
1775
1753
1809
1809
1746
1771
1776
1736
1815
1796
1766
1776
1744
1761
1709
1751
1751
1690
1751
1797
1732
1707
1738
1761
1731
1750
1747
1713
1707
1747
1723
1721
1731
1689
1737
1769
1673
1776
1793
1691
1727
1746
1671
1747
1757
1788
1751
1754
1768
1746
1926
1717
1709
1675
1708
1760
1709
1730
1702
1733
1747
1716
1754
1717
1672
1785
1805
1664
1795
1751
1714
1769
1762
1748
1666
1712
1641
1662
1721
1717
1733
1762
1722
1768
1792
1744
1743
1807
1829
1710
1801
1754
1765
1768
1720
1682
1756
1735
1705
1704
1744
1740
1804
1715
1785
1784
1726
1743
1624
1761
1794
1744
1688
1735
1691
1756
1684
1654
1717
1697
1682
1753
1685
1660
1726
1704
1649
1633
1678
1679
1718
1707
1709
1707
1700
1709
1686
1751
1699
1699
1742
1726
1715
1705
1756
1715
1731
1719
1695
1724
1718
1758
1674
2341
2685
2002
1837
1433
1308
1259
1226
1374
1262
1308
1453
1652
1240
1627
1672
1619
1600
1265
1755
1388
1347
1302
1239
1278
1267
1268
1308
1288
1293
1901
1684
2309
1754
1719
1663
1648
1705
1940
1654
1859
1606
1721
1748
1672
1690
1700
1693
1650
1641
1720
1711
1614
1611
1716
1677
1864
1776
1816
1732
1608
1625
1651
1811
1622
1688
1585
0
2124
1832
1708
1798
1768
1713
1765
1757
1753
1742
1765
1777
1755
1785
1732
1745
1786
1719
1693
1856
1758
1721
1794
1722
1761
1767
1704
1761
1793
1757
1768
1752
1755
1779
1787
1717
1730
1728
1738
1707
1760
1789
1745
1711
1763
1747
1782
1734
1763
1745
1696
1771
1769
1727
1722
1730
1753
1744
1772
1776
1767
1764
1793
1785
1767
1732
1790
1802
1778
1772
1734
1793
1797
1766
1742
1767
1712
1761
1740
1833
1792
1774
1811
1778
1845
1758
1750
1735
1757
1776
1780
1750
1730
1715
1771
1808
1752
1748
1744
1752
1743
1763
1744
1772
1776
1770
1773
1742
1733
1780
1767
1864
1757
1736
1789
1806
1767
1766
1752
1759
1793
1775
1794
1787
1754
1756
1782
1763
1775
1845
1745
1705
1737
1752
1781
1801
1782
1735
1786
1748
1785
1776
1801
1757
1775
1734
1735
1754
1801
1737
1753
1802
1759
1780
1813
1781
1786
1781
1734
1773
1747
1744
1803
1816
1850
1761
1764
1763
1718
1801
1800
1726
1782
1790
1800
1771
1784
1815
2508
1899
1717
1741
1760
1815
1720
1791
1752
1750
1751
1831
1704
1739
1758
1732
1862
1783
1752
1726
1709
1737
1816
1709
1788
1701
1769
1806
1787
1788
1806
1733
1745
1805
2234
2017
1775
1725
1763
1769
1803
1762
1808
1750
1776
1778
1801
1814
1793
1791
1785
1735
1822
1812
1853
1866
1725
1746
1724
1732
1738
1800
1780
1741
1740
1792
1775
1742
1826
1799
1731
1786
1805
1756
1788
1791
1754
1788
1805
1789
1846
1733
1723
1780
2780
2116
1961
1822
1729
1869
1798
1929
1850
1886
1748
1788
1875
1864
1794
1783
1908
1867
1992
1634
2013
1635
1892
1877
1904
1702
1767
1866
1776
1780
1778
2162
1721
1845
1655
1738
1854
1792
1828
2018
1788
1659
1983
1808
1742
1970
1800
1794
1738
1788
1933
1863
1835
1996
1890
1868
1761
1893
1903
1863
1847
1669
1775
1788
1814
1794
1762
1975
3244
2769
1704
1480
2235
1332
1454
1272
1371
1354
1301
1271
1348
1280
1296
1588
1832
1791
1305
1688
1262
1350
1328
1286
1424
1334
1387
1308
1580
1715
1710
1693
1699
1688
1662
1702
1687
2046
1797
1875
2003
1891
1814
1775
2031
1792
1823
2013
1760
2138
1802
1867
1913
1801
1937
1642
0
1669
1932
1889
1759
1753
1749
2226
1951
1667
1880
1896
2048
1980
1802
1851
1810
1891
1783
2122
1796
1840
1851
1798
1780
1720
1942
1803
2024
1910
1895
2036
1854
1771
1842
1844
1838
1824
1830
1900
1998
1882
1991
1860
1923
1843
1931
1970
1908
1894
1816
1702
1897
1768
1824
1809
1919
1792
2011
1806
1719
1946
1820
2085
1753
1998
1869
1805
2017
1790
1821
1909
1805
1788
1862
1798
1809
1803
1840
2162
1733
2064
1875
2105
1982
2072
1814
1842
1777
1795
1839
1972
1852
2118
1954
1795
1856
1846
1927
1777
1964
1911
1856
1904
1875
1736
1692
1810
2113
1940
1923
1787
1870
1883
1696
1664
2020
1499
1861
1937
2061
2073
1842
1938
1820
2110
1786
1899
1938
1954
1902
1866
1781
1828
1995
1798
1843
2009
1855
1785
1901
1779
1965
1900
1796
1752
1721
1832
1907
1785
1996
1945
1712
1790
1904
1812
1738
1815
1859
1894
1810
1867
1874
1784
1955
1792
1824
1836
1932
1818
1717
1771
1825
1827
1739
1948
1925
1829
1865
1986
1999
1844
1961
1830
1949
2084
1812
1823
1998
1925
1944
1641
1802
1838
1992
1825
1980
2023
2025
1940
2069
1788
1822
1837
1836
1979
1910
1931
1789
1954
1942
1773
1958
1775
1889
1973
1792
1804
1828
1738
1669
2013
1801
1888
2011
1838
1784
1696
1933
1895
1922
1934
1952
1796
1795
1955
1775
1884
1803
2154
1778
1788
1722
1950
1964
1795
1777
2050
1776
1934
1770
1941
2010
2031
1685
1893
2092
1946
1770
1716
1959
1926
1847
1651
1754
2351
1681
1736
1861
1952
1961
2762
1468
1759
1906
1780
1765
1738
1724
1749
1659
1693
1831
1785
2338
2098
1713
2107
1922
1967
2191
1838
2000
1739
1836
2036
2007
1889
1897
1810
1802
1952
1851
1843
1890
1870
2243
1922
1995
1820
2006
1874
1873
1963
1683
1916
1704
1831
1562
1644
1964
1914
1854
1813
1726
1921
1778
1933
1911
1781
1870
1846
1887
1947
2213
1796
1733
1620
1946
1960
1803
1949
1841
1806
1855
1921
1960
1590
1893
1972
1925
1844
1886
1810
1955
1761
1803
1795
1851
2088
1799
1892
1813
1805
1918
1832
1765
1713
1869
1803
1881
1911
1929
1999
1804
1745
1724
1979
1781
1895
1851
2011
1767
1664
1647
1889
1787
1775
3101
1714
1885
2075
1596
1778
1954
1609
1845
1930
1777
1742
1853
1821
1828
1732
1876
1724
1840
1735
1772
1882
1818
1862
1709
1851
1892
1565
1771
1843
1758
1825
1847
1817
1888
1703
1746
1887
1800
1824
1812
1661
1859
1820
1772
1798
1750
1766
1714
1766
1788
1773
1774
1856
1827
1798
1870
1848
1788
1715
1858
1829
1832
1800
1807
1776
1826
1745
1754
1759
1861
1763
1763
1750
1879
1595
1828
1780
1731
1867
1815
1781
1688
1706
1837
1735
1737
1870
1710
1972
1715
1824
1729
1827
1803
1838
1749
1678
1743
1800
1802
1686
1769
1835
1868
1878
1985
1589
1743
1792
1749
1827
1696
1799
1821
1718
1703
1832
1890
1797
1822
1720
1811
1785
1715
1748
1836
1698
1913
1839
1694
1688
1719
1730
1771
1741
1886
1714
1855
1751
1706
1694
1816
1720
1736
1882
1588
1763
1680
1880
1780
1767
1734
1731
1858
1695
1745
1781
1731
1712
1829
1712
1746
1828
1852
1818
1799
1720
1867
2119
1545
1829
1927
1678
1788
1764
1798
1719
1739
1878
1695
1756
1822
1815
1768
1855
1794
1821
1786
1759
1758
1724
0
1710
1771
1650
1713
1696
1715
1666
1782
1651
1769
1680
1675
1676
1777
1670
1661
1706
1677
1580
1706
1688
1699
1771
1666
1775
1733
1813
1621
1681
1693
1643
1769
1786
1747
1642
1726
1669
1757
1676
1724
1669
1684
1649
1689
1667
1751
1759
1674
1690
1727
1772
1828
1653
1746
1687
1859
1810
1646
1890
1719
1579
1792
1647
1705
1776
1664
2035
1569
1707
1639
1711
1672
1772
1675
1795
1797
1748
1799
1551
1818
1716
1785
1772
1660
1809
1677
1805
1767
1695
1683
1934
1563
1689
1674
1702
1751
1767
1831
1721
2805
1680
1759
1732
1719
1805
1739
1787
1691
1670
1710
1755
1654
1688
1673
1761
1770
1800
1783
1744
1746
1798
1774
1761
1683
1800
1705
1758
1656
1778
1677
1795
1716
1739
1672
1796
1674
1787
1665
1759
1640
1719
1746
1656
1722
1685
1648
1645
1680
1834
1677
1692
1850
1563
1662
1682
1667
1780
1753
1693
1757
1774
1751
2060
1635
1646
1776
1774
1640
1747
1818
1693
1695
1887
1526
1745
1684
1696
1770
1676
1816
1647
1706
1687
1768
1742
1659
1780
1676
1676
1678
1664
1687
1783
1783
1694
1693
1692
1761
1696
1663
1686
1737
1652
1661
1693
1688
1768
1651
1681
1669
1723
1720
1741
1750
1761
1750
1793
1752
1742
1743
1733
1755
1717
1782
1667
1721
1788
1659
1720
1696
1644
1676
1659
1708
1785
1674
1772
1668
1794
1691
1750
1720
1743
1662
1695
1791
1795
1868
1700
1801
1638
1779
1819
1770
1818
1588
1727
1745
1848
1642
1762
1699
1816
1641
1740
1704
1696
1884
1647
1771
1799
1794
1653
1658
1809
1647
1691
1784
1687
1812
1701
1757
1688
1753
1747
1816
1697
1710
1789
1658
1644
1808
1638
1702
1688
1678
1797
1714
1816
1643
1696
1657
1679
1665
1707
1695
1667
1702
1804
1660
1807
1657
1705
1889
1787
1612
1661
1782
1735

